   1  16   1   0  0.6439303E+02  0.5000000E+03
  CAR 
 Cluster                                 
   0   0   0
   1   1
 256 256 256
 256
  0.1000000E-09
  0.3906250E-11
   1
  0.1000000E-14  0.7759100E-09  0.1173340E-08  0.1131680E-08
  0.4859263E+03  0.4985038E+03
  0.000  0.000  0.000  0.000  0.000  0.000  0.000  0.000  0.000  0.000  0.000
  0.000  0.000  0.000  0.000  0.000  0.000  0.000  0.000  0.000  0.000  0.000
  0.000  0.000  0.000  0.000  0.000  0.000  0.000  0.000  0.000  0.000  0.000
  0.000  0.000  0.000  0.000  0.000  0.000  0.000  0.000  0.000  0.000  0.000
  0.000  0.000  0.000  0.000  0.000  0.000  0.000  0.000  0.000  0.000  0.000
  0.000  0.000  0.000  0.000  0.000  0.000  0.000  0.000  0.000  0.000  0.000
  0.000  0.000  0.000  0.000  0.000  0.000  0.000  0.000  0.000  0.000  0.000
  0.000  0.000  0.000  0.000  0.000  0.000  0.000  0.000  0.000  0.000  0.000
  0.000  0.000  0.000  0.000  0.000  0.000  0.000  0.000  0.000  0.000  0.000
  0.000  0.000  0.000  0.000  0.000  0.000  0.000  0.000  0.000  0.000  0.000
  0.000  0.000  0.000  0.000  0.000  0.000  0.000  0.000  0.000  0.000  0.000
  0.000  0.000  0.000  0.000  0.000  0.000  0.000  0.000  0.000  0.000  0.000
  0.000  0.000  0.000  0.000  0.000  0.000  0.000  0.000  0.000  0.000  0.000
  0.000  0.000  0.000  0.000  0.000  0.000  0.000  0.000  0.000  0.000  0.000
  0.000  0.000  0.000  0.000  0.000  0.000  0.000  0.000  0.000  0.000  0.000
  0.000  0.000  0.000  0.000  0.000  0.000  0.000  0.000  0.000  0.000  0.000
  0.000  0.000  0.000  0.000  0.000  0.000  0.000  0.000  0.000  0.000  0.000
  0.000  0.000  0.000  0.000  0.000  0.000  0.000  0.000  0.000  0.000  0.000
  0.000  0.000  0.000  0.000  0.000  0.000  0.000  0.000  0.000  0.000  0.000
  0.000  0.000  0.000  0.000  0.000  0.000  0.000  0.000  0.000  0.000  0.000
  0.000  0.000  0.000  0.000  0.000  0.000  0.000  0.000  0.000  0.000  0.000
  0.000  0.000  0.000  0.000  0.000  0.000  0.000  0.000  0.000  0.000  0.000
  0.000  0.000  0.000  0.000  0.000  0.000  0.000  0.000  0.000  0.000  0.000
  0.000  0.000  0.000  0.000  0.000  0.000  0.000  0.000  0.000  0.000  0.000
  0.119  0.000  0.000  0.000  0.000  0.000  0.000  0.000  0.000  1.091  0.000
 15.313  0.000  0.000  2.350  0.000  0.000  0.000  0.000  0.000132.950  0.000
 23.104  0.000  0.000 22.538  0.000  0.000  0.000  0.000  0.000143.624  0.000
 23.302  0.000  0.000 67.262  0.000  0.000  0.000  0.000  0.000 11.258  0.000
 22.974  0.000  0.000 70.017  0.000  0.000  0.000  0.000  0.000  0.000  0.000
 11.648  0.000  0.000 35.498  0.000  0.000  0.000  0.000  0.000  0.000  0.000
  2.464  0.000  0.000  7.510  0.000  0.000  0.000  0.000  0.000  0.000  0.000
  0.253  0.000  0.000  0.770  0.000  0.000  0.000  0.000  0.000  0.000  0.000
  1.458  0.000  0.000  0.000 15.554  0.000  0.000  0.000  0.000  0.000  0.000
  4.947  1.362  0.000  0.000 50.726  0.000  0.000  0.000  0.000  0.000  0.000
 16.852 26.108 68.693  0.000106.249  0.000  0.000  0.000  0.000  0.000  0.000
 23.135 89.737100.651  0.000 61.846  0.000  0.000  0.000  0.000  0.000  0.000
 15.459 79.917 12.618  0.000 38.716  0.000  0.000  0.000  0.000  0.000  0.000
  7.565 46.007  2.717  0.000 10.324  0.000  0.000  0.000  0.000  0.000  0.000
  3.504 24.402  0.000  0.000  0.000  0.000  0.000  0.000  0.379  0.000  0.000
  2.112 13.550  0.000  0.000  0.000  0.000  0.000  0.000  1.079  0.000  0.000
  0.917  3.572  0.000  0.000  0.000  0.000  0.000  0.000  2.168  0.000  0.000
  1.102  1.183  0.000  0.000  0.000  0.000  0.000  0.000  4.890  0.000  0.000
  1.586  0.000  0.000  0.000  0.000  0.000  0.000  0.000  8.288  0.000  0.000
  2.877  0.000  0.000  0.000  0.000  0.000  0.000  0.000 15.032  0.000  0.000
  4.395  0.000  0.000  0.000  0.000  0.000  0.000  0.000 22.964  0.000  0.000
  4.533  0.000  0.000  0.000  0.000  0.000  0.000  0.000 23.683  0.000  0.000
  3.462  0.000  0.000  0.000  0.000  0.000  0.606  0.000 17.916  0.000  0.000
  2.016  0.000  0.000  0.000  0.000  0.000  0.871  0.000 10.119  0.290  0.000
  0.761  0.000  0.000  0.000  0.000  0.000  0.557  0.000  3.501  0.557  0.000
  0.819  0.000  0.000  1.337  0.000  0.000  0.267  0.000  0.993  1.604  0.000
  1.784  0.000  0.000  3.082  0.000  0.000  0.514  0.000  0.367  6.164  0.000
  3.214  0.000  0.000  6.339  0.000  0.000  1.235  0.000  0.212  9.384  0.000
  4.756  0.000  0.000  8.238  0.000  0.000  4.515  0.000  0.339 15.922  0.000
  5.644  0.000  0.000 11.175  0.000  0.000  2.975  0.000  0.196 16.248  0.000
  6.175  0.000  0.000 14.517  0.000  0.000  2.426  0.000  0.441 10.916  0.000
  6.489  0.000  0.000 15.842  0.000  0.000  4.891  0.000  1.215  7.230  0.000
  3.254  2.075  0.479  7.387  0.000  0.000  3.488  0.000  0.997  1.231  0.000
  2.947  3.005  2.311  5.217  0.693  0.000  5.943  0.000  1.472  0.297  0.000
  2.805  8.039  2.903  2.967  1.675  0.000  4.785  0.000  0.766  0.000  0.000
  4.826 14.174 32.593  1.326  3.885  0.000  6.105  0.000  0.899  0.000  0.000
  5.784 20.877 24.009  0.895 10.439  0.000  4.116  3.132  0.920  0.000  0.000
  6.270 15.086 18.184  1.328 23.235  0.000  5.715  5.455  1.187  0.520  0.000
  7.749 14.868 28.953  1.090 36.386  0.000  2.515  2.348  0.862  1.761  0.000
  5.659 13.771  9.665  1.787 22.931  0.000  2.924  2.274  1.160  1.056  0.000
  3.289  5.572  3.674  1.916  9.092  0.000  5.353  2.204  2.159  1.023  0.000
  2.805  8.015  1.425  1.781  4.453  0.000  4.580  2.137  1.221  0.840  0.000
  2.624  4.781  1.382  2.518  1.987  0.000  3.851 12.442  1.608  1.481  0.000
  2.665  3.075  1.509  2.971  1.929  0.000  3.163 12.579  1.848  2.588  0.000
  2.878  4.777  0.814  2.489  3.013  0.000  4.048  7.329  2.114  3.001  0.000
  3.827  8.121  0.949  3.729  4.034  0.000  3.119  6.645  2.325  2.915  0.000
  4.267 12.556  0.615  2.965  5.842  0.000  2.109 23.985  1.732  1.186  0.000
  3.055  5.431  3.587  3.075  5.531  0.000  1.537  8.072  1.428  1.025  0.000
  2.624  3.392  7.560  3.178  1.527  0.000  3.738  8.723  0.997  0.685  0.000
  1.923  1.132  5.375  2.385  1.415  0.000  2.910  9.760  1.005  0.849  0.000
  1.400  0.275  2.754  1.849  1.170  0.000  3.422  2.891  1.146  0.590  0.000
  1.137  0.000  1.341  1.819  0.536  0.000  2.183  2.815  1.215  0.287  0.000
  0.863  0.000  1.698  0.877  0.000  0.000  1.567 10.577  0.959  0.560  0.000
  0.775  0.000  2.545  1.163  0.000  0.000  1.309  1.908  0.592  0.545  0.000
  0.709  0.000  1.860  1.027  0.000  0.000  1.276  2.232  0.941  0.000  0.000
  0.799  0.000  2.297  1.520  0.000  0.000  0.933  2.176  0.563  0.000  0.000
  0.995  0.000  2.594  2.241  0.000  0.000  0.202  2.830  0.433  0.000  0.000
  1.424  0.000  3.106  3.336  0.000  0.000  0.197  4.487  0.535  0.000  0.000
  1.453  0.000  0.000  4.074  0.000  0.000  0.096  0.000  0.577  0.000  0.000
  2.189  0.000  0.000  6.185  0.000  0.000  1.221  0.000  0.483  0.000  0.000
  2.338  0.000  0.000  6.697  0.000  0.000  1.376  0.000  0.341  0.000  0.000
  2.244  0.000  0.000  6.153  0.000  0.000  2.778  0.000  0.384  0.000  0.000
  1.676  0.000  0.000  4.392  0.000  0.000  2.013  0.000  0.650  0.000  0.000
  1.488  0.000  0.000  3.622  0.000  0.000  2.823  0.000  0.758  0.000  0.000
  1.006  0.000  0.000  1.770  0.000  0.000  5.185  0.000  0.741  0.000  0.000
  0.698  0.000  0.000  1.077  0.000  0.000  4.497  0.000  0.514  0.000  0.000
  0.687  0.000  2.892  0.467  0.327  0.000  4.079  0.000  0.754  0.000  0.000
  0.988  0.000 10.405  0.235  0.228  0.000  4.459  0.000  0.604  0.000  2.738
  1.298  0.000 12.861  0.204  0.402  0.000  4.287  0.000  0.941  0.191  9.914
  1.750  0.262 13.636  0.125  1.879  0.000  5.919  0.000  1.199  0.262 17.570
  1.608  0.143  7.530  0.269  3.722  0.000  3.154  0.000  1.614  0.257 18.483
  1.328  0.335  2.681  0.371  3.645  0.000  3.088  0.000  1.272  0.646 13.322
  1.558  0.766  1.805  0.715  5.211  0.000  4.080  0.000  0.904  1.090  8.124
  1.590  1.179  0.322  1.941  3.135  0.000  3.859  0.000  0.630  0.448  6.270
  1.591  1.208  0.630  2.464  3.190  0.000  2.903  0.000  0.386  0.405  0.473
  1.353  2.341  0.077  1.411  2.316  0.000  2.713  0.000  0.529  0.827  0.000
  0.940  0.933  0.000  1.232  0.605  0.000  1.751  0.000  0.352  1.686  0.000
  0.775  0.470  0.000  0.784  0.000  0.000  1.780  0.000  0.454  2.448  0.000
  0.546  0.218  0.000  0.249  0.145  0.000  0.312  0.000  0.730  2.400  0.000
  0.659  0.000  0.000  0.173  0.571  0.000  0.367 10.700  0.664  2.140  0.000
  1.033  0.000  0.000  0.450  1.994  0.000  1.560 11.336  0.994  2.249  0.000
  1.233  0.000  0.000  0.657  2.678  0.000  0.706 11.740  1.177  2.913  0.000
  0.976  0.180  0.000  0.616  1.516  0.000  0.520 12.734  0.990  1.732  0.000
  0.859  0.816  0.000  0.680  1.223  0.000  0.283  4.761  0.858  1.389  0.000
  0.791  1.363  0.000  0.334  1.363  0.000  0.111  3.311  0.477  1.947  0.000
  0.669  1.933  0.000  0.410  0.669  0.000  0.000  3.633  0.297  0.792  0.000
  0.663  1.460  0.000  0.885  0.000  0.000  0.000  1.314  0.230  0.939  0.000
  0.576  0.533  0.000  0.878  0.000  0.000  0.316  1.660  0.135  1.317  0.000
  0.699  0.101  0.000  0.992  0.000  0.000  1.242  0.000  0.118  2.458  0.000
  0.845  0.000  0.000  1.153  0.000  0.000  2.593  0.000  0.058  2.873  0.000
  0.992  0.000  0.000  1.182  0.000  0.000  5.546  0.000  0.071  2.623  0.000
  1.036  0.000  0.000  1.277  0.000  0.000  6.236  0.000  0.056  2.430  0.000
  1.035  0.000  0.000  1.319  0.000  0.000  6.998  0.000  0.083  1.858  0.000
  0.747  0.000  0.000  1.234  0.000  0.000  2.941  0.000  0.054  1.566  0.000
  0.732  0.000  0.000  1.360  0.000  0.000  2.192  0.000  0.053  1.423  0.000
  0.732  0.000  0.000  1.590  0.187  0.000  0.871  0.000  0.039  1.261  0.000
  0.696  0.000  0.000  1.714  0.474  0.000  0.180  0.000  0.077  0.586  0.000
  0.497  0.000  0.000  1.272  0.285  0.000  0.177  0.000  0.063  0.288  0.000
  0.501  0.000  0.000  1.375  0.229  0.000  0.000  0.000  0.062  0.153  0.000
  0.390  0.000  0.000  1.045  0.225  0.000  0.000  0.000  0.049  0.150  0.000
  0.293  0.000  0.000  0.718  0.419  0.000  0.000  0.000  0.048  0.085  0.000
  0.232  0.000  0.000  0.499  0.291  0.000  0.000  0.000  0.154  0.104  0.000
  0.269  0.000  0.000  0.450  0.645  0.000  0.000  0.000  0.199  0.205  0.000
  0.209  0.000  0.000  0.336  0.423  0.000  0.000  0.000  0.092  0.383  0.000
  0.221  0.000  0.000  0.278  0.926  0.000  0.000  0.000  0.136  0.159  0.000
  0.169  0.000  0.000  0.202  0.684  0.000  0.000  0.000  0.078  0.215  0.000
  0.172  0.000  0.000  0.109  0.471  0.000  0.000  0.000  0.132  0.615  0.000
  0.203  0.000  0.000  0.063  0.574  0.000  0.000  0.000  0.087  1.023  0.000
  0.259  0.000  0.000  0.044  0.609  0.000  0.000  0.000  0.149  1.455  0.000
  0.227  0.000  0.000  0.141  0.300  0.000  0.000  0.000  0.147  1.139  0.000
  0.285  0.000  0.000  0.211  0.275  0.000  0.000  0.000  0.124  1.521  0.000
  0.263  0.000  0.000  0.321  0.000  0.000  0.000  0.000  0.326  0.874  0.000
  0.354  0.000  0.000  0.504  0.000  0.000  0.000  0.000  0.372  1.072  0.000
  0.324  0.000  0.000  0.531  0.000  0.000  0.000  0.000  0.366  0.728  0.000
  0.317  0.000  0.000  0.421  0.000  0.000  0.000  0.000  0.478  0.802  0.000
  0.274  0.000  0.000  0.219  0.000  0.000  0.000  0.000  0.529  0.926  0.000
  0.270  0.000  0.000  0.171  0.000  0.000  0.000  0.000  0.711  0.713  0.000
  0.211  0.000  0.000  0.027  0.000  0.000  0.000  0.000  0.636  0.736  0.000
  0.226  0.000  0.000  0.065  0.000  0.000  0.000  0.000  0.747  0.564  0.000
  0.311  0.000  0.000  0.191  0.000  0.000  0.000  0.000  0.927  0.652  0.000
  0.357  0.000  0.000  0.089  0.000  0.000  0.000  0.000  1.165  0.957  0.000
  0.372  0.000  0.000  0.077  0.000  0.000  0.000  0.000  1.503  0.541  0.000
  0.381  0.000  0.000  0.086  0.000  0.000  0.000  0.000  1.596  0.427  0.000
  0.476  0.000  0.000  0.085  0.000  0.000  0.000  0.000  2.064  0.482  0.000
  0.539  0.000  0.000  0.223  0.000  0.000  0.000  0.000  2.088  0.609  0.000
  0.537  0.000  0.000  0.288  0.000  0.000  0.000  0.000  1.943  0.645  0.000
  0.476  0.000  0.000  0.212  0.000  0.000  0.000  0.000  1.793  0.578  0.000
  0.429  0.000  0.000  0.043  0.000  0.000  0.000  0.000  1.835  0.585  0.000
  0.356  0.000  0.000  0.038  0.000  0.000  0.000  0.000  1.730  0.113  0.000
  0.403  0.000  0.000  0.019  0.000  0.000  0.000  0.000  2.073  0.000  0.000
  0.446  0.000  0.000  0.023  0.000  0.000  0.000  0.000  2.289  0.000  0.000
  0.359  0.000  0.000  0.068  0.000  0.000  0.000  0.000  1.757  0.000  0.000
  0.304  0.000  0.000  0.045  0.000  0.000  0.000  0.000  1.513  0.000  0.000
  0.214  0.000  0.000  0.004  0.000  0.000  0.000  0.000  1.109  0.000  0.000
  0.244  0.000  0.000  0.009  0.000  0.000  0.000  0.000  1.259  0.000  0.000
  0.324  0.000  0.000  0.026  0.000  0.000  0.000  0.000  1.648  0.000  0.000
  0.217  0.000  0.000  0.004  0.000  0.000  0.000  0.000  1.126  0.000  0.000
  0.258  0.000  0.000  0.054  0.000  0.000  0.000  0.000  1.234  0.038  0.000
  0.224  0.000  0.000  0.141  0.000  0.000  0.000  0.000  0.900  0.050  0.000
  0.218  0.000  0.000  0.233  0.000  0.000  0.000  0.000  0.707  0.061  0.000
  0.181  0.000  0.000  0.254  0.000  0.000  0.000  0.000  0.477  0.061  0.000
  0.250  0.000  0.000  0.251  0.000  0.000  0.000  0.000  0.779  0.167  0.000
  0.216  0.000  0.000  0.130  0.000  0.000  0.000  0.000  0.770  0.236  0.000
  0.237  0.000  0.000  0.210  0.000  0.000  0.000  0.000  0.754  0.222  0.000
  0.177  0.000  0.000  0.135  0.000  0.000  0.000  0.000  0.633  0.104  0.000
  0.187  0.000  0.000  0.133  0.000  0.000  0.000  0.000  0.567  0.319  0.000
  0.248  0.000  0.000  0.218  0.000  0.000  0.270  0.000  0.670  0.304  0.000
  0.230  0.000  0.000  0.223  0.000  0.000  0.423  0.000  0.490  0.367  0.000
  0.217  0.000  0.000  0.238  0.000  0.000  0.660  0.000  0.421  0.198  0.000
  0.200  0.000  0.000  0.181  0.000  0.000  0.827  0.000  0.330  0.294  0.000
  0.279  0.000  0.000  0.323  0.000  0.000  0.452  0.000  0.492  0.495  0.000
  0.368  0.000  0.000  0.436  0.000  0.000  0.617  0.000  0.583  0.723  0.000
  0.399  0.000  0.000  0.519  0.000  0.000  0.505  0.000  0.577  0.831  0.000
  0.401  0.000  0.000  0.468  0.109  0.000  0.728  0.000  0.535  0.873  0.000
  0.435  0.000  0.000  0.445  0.408  0.000  0.987  0.000  0.646  0.668  0.000
  0.420  0.000  0.000  0.495  0.249  0.000  0.366  0.000  0.540  1.016  0.000
  0.390  0.000  0.000  0.513  0.094  0.000  0.201  0.000  0.431  1.096  0.000
  0.348  0.000  0.000  0.520  0.081  0.000  0.119  0.000  0.432  0.736  0.000
  0.329  0.000  0.000  0.544  0.092  0.000  0.157  0.000  0.466  0.403  0.000
  0.406  0.000  0.000  0.587  0.079  0.000  0.097  0.000  0.645  0.710  0.000
  0.415  0.000  0.000  0.532  0.079  0.000  0.269  0.000  0.649  0.856  0.000
  0.366  0.000  0.000  0.508  0.078  0.000  0.190  0.000  0.430  0.914  0.000
  0.434  0.000  0.000  0.835  0.110  0.000  0.207  0.000  0.328  0.687  0.000
  0.439  0.000  0.000  0.745  0.098  0.000  0.633  0.000  0.362  0.745  0.000
  0.456  0.000  0.000  0.774  0.086  0.000  0.664  0.000  0.416  0.710  0.000
  0.445  0.000  0.000  0.714  0.128  0.000  0.930  0.000  0.438  0.584  0.000
  0.629  0.337  0.000  1.053  0.347  0.000  0.921  0.316  0.490  0.496  0.000
  0.592  0.465  0.000  0.908  0.260  0.000  0.786  1.063  0.480  0.482  0.000
  0.611  0.220  0.330  0.934  0.268  0.000  0.990  1.794  0.379  0.716  0.000
  0.690  0.537  0.327  0.985  0.225  0.000  0.945  2.694  0.455  0.674  0.000
  0.764  0.660  0.566  1.036  0.414  0.000  1.039  1.697  0.539  0.727  0.000
  0.775  0.620  1.100  1.054  0.810  0.000  0.805  0.600  0.382  0.805  0.000
  0.904  0.798  1.841  1.007  1.108  0.000  0.848  1.247  0.446  1.094  0.000
  1.180  1.365  3.585  1.119  1.156  0.000  1.008  1.646  0.542  1.327  0.940
  1.412  1.894  3.413  1.183  2.706  0.000  1.014  2.153  0.508  1.247  1.338
  1.479  2.362  1.958  1.371  2.554  0.000  0.922  2.304  0.607  1.350  0.979
  1.586  2.452  2.718  1.227  2.965  0.000  1.059  1.939  0.754  1.686  1.027
  1.635  2.409  2.409  1.350  3.096  0.000  1.533  1.299  0.710  1.694  1.581
  1.758  2.920  1.584  1.438  3.392  0.000  1.342  1.957  0.721  2.005  1.398
  1.778  2.639  3.488  1.350  2.906  0.000  1.534  1.827  0.777  1.961  3.377
  1.961  3.874  1.955  1.506  3.746  0.000  1.253  1.042  0.685  2.216  1.316
  1.850  3.685  2.171  1.657  2.226  0.000  1.070  2.389  0.620  2.296  0.760
  1.819  3.943  2.796  1.618  1.487  0.000  1.398  3.172  0.557  1.859  1.720
  1.753  3.159  3.390  1.633  1.828  0.000  1.567  0.905  0.691  1.689  1.651
  1.727  3.123  3.428  1.612  1.380  0.000  1.281  1.055  0.637  1.981  2.795
  1.593  2.652  2.316  1.525  1.576  0.000  1.075  2.194  0.652  1.918  2.298
  1.547  2.041  2.570  1.594  2.104  0.000  1.050  3.208  0.541  1.641  1.863
  1.457  1.794  1.999  1.474  1.802  0.000  1.757  3.946  0.745  1.281  1.128
  1.464  1.444  2.251  1.492  2.141  0.000  1.712  4.518  0.758  1.124  2.132
  1.410  1.492  2.062  1.564  1.752  0.000  1.681  2.867  0.731  1.142  1.559
  1.337  1.091  1.511  1.523  1.877  0.000  1.780  2.292  0.708  1.260  1.943
  1.262  1.135  1.283  1.396  2.370  0.000  1.975  1.283  0.629  0.882  1.086
  1.161  0.864  1.810  1.339  2.250  0.000  1.160  0.831  0.563  1.076  0.147
  1.150  0.587  1.163  1.357  2.229  0.000  1.011  0.872  0.767  1.281  0.194
  1.107  0.459  1.473  1.525  1.769  0.000  1.111  1.152  0.608  0.940  0.624
  1.164  0.428  2.569  1.550  1.642  0.000  0.992  1.380  0.757  0.904  0.095
  1.254  0.948  1.729  1.574  1.407  0.000  1.805  1.745  0.793  1.037  0.000
  1.276  0.711  1.277  1.586  1.480  0.000  1.522  1.869  1.076  1.195  0.467
  1.166  0.381  0.972  1.491  1.165  0.000  1.217  2.501  1.077  1.363  0.463
  1.102  0.469  0.948  1.480  1.155  0.000  1.442  1.744  0.914  0.918  1.056
  1.050  0.495  0.788  1.308  1.001  0.000  1.443  0.455  1.066  1.020  1.183
  1.146  0.596  1.112  1.271  1.232  0.000  1.391  1.127  1.207  1.172  1.578
  1.144  0.462  0.745  1.290  1.311  0.000  1.749  2.994  1.156  1.162  0.447
  1.272  0.394  1.565  1.261  2.038  0.000  1.873  2.215  1.266  1.386  0.487
  1.336  0.429  1.830  1.344  2.239  0.000  1.832  2.283  1.244  1.336  1.229
  1.434  0.842  2.089  1.530  1.806  0.000  2.002  2.307  1.350  1.038  1.828
  1.310  0.930  2.344  1.557  1.043  0.000  2.071  1.683  1.088  0.826  1.424
  1.155  0.732  1.782  1.265  0.991  0.000  2.176  1.027  1.173  0.801  0.856
  1.180  0.688  2.121  1.303  0.806  0.000  1.999  1.527  1.136  1.030  1.103
  0.883  0.168  0.420  1.077  0.617  0.000  1.562  1.219  1.157  0.871  0.463
  0.944  0.417  0.320  1.143  0.827  0.000  1.787  1.167  1.082  0.774  0.625
  0.873  0.142  0.207  1.140  0.909  0.000  1.583  0.331  1.026  0.880  0.000
  0.881  0.105  0.137  1.031  0.902  0.000  1.347  2.254  1.141  1.007  0.000
  0.819  0.154  0.108  1.051  0.488  0.000  1.452  1.707  1.029  0.906  0.000
  0.825  0.228  0.094  1.063  0.618  0.000  1.624  1.773  0.882  0.881  0.000
  0.771  0.528  0.080  0.877  0.440  0.000  1.245  0.639  0.900  1.039  0.000
  0.702  0.352  0.238  0.759  0.647  0.000  0.940  0.912  0.887  0.878  0.000
  0.665  0.467  0.301  0.708  0.314  0.000  1.303  0.000  0.924  0.685  0.000
  0.699  0.567  0.338  0.616  0.234  0.000  1.871  0.000  0.955  0.858  0.000
  0.675  0.404  0.335  0.584  0.374  0.000  1.469  0.000  1.092  0.790  0.000
  0.655  0.503  0.307  0.583  0.377  0.000  1.534  0.000  0.917  0.767  0.000
  0.684  0.494  0.621  0.715  0.228  0.000  1.435  0.000  0.857  0.793  0.000
  0.667  0.419  0.641  0.724  0.352  0.000  1.283  0.000  0.819  0.738  0.000
  0.706  0.370  0.499  0.740  0.530  0.000  1.465  0.000  0.965  0.674  0.000
  0.697  0.285  0.235  0.788  0.377  0.000  1.029  0.000  1.003  0.944  0.000
  0.729  0.458  0.061  0.742  0.270  0.000  1.063  0.000  1.130  1.079  0.000
  0.720  0.191  0.560  0.835  0.262  0.000  1.211  0.000  0.913  1.169  0.000
  0.778  0.375  0.737  0.948  0.489  0.000  0.932  0.000  0.879  1.051  0.000
  0.803  0.372  1.235  0.947  0.533  0.000  0.925  0.000  0.969  0.884  0.000
  0.852  0.551  1.356  0.979  0.678  0.000  0.754  0.000  0.996  0.866  0.000
  0.838  0.696  1.050  0.838  0.767  0.000  0.890  0.000  1.011  0.935  0.000
  0.808  0.620  1.323  0.816  0.615  0.000  0.482  0.000  1.135  0.823  0.000
