   1  16   1   0  0.6432613E+02  0.5000000E+03
  CAR 
 Cluster                                 
   0   0   0
   1   1
 256 256 256
 256
  0.1000000E-09
  0.3906250E-11
   1
  0.1000000E-14  0.7753300E-09  0.1181980E-08  0.1123080E-08
  0.4887207E+03  0.5024100E+03
  0.000  0.000  0.000  0.000  0.000  0.000  0.000  0.000  0.000  0.000  0.000
  0.000  0.000  0.000  0.000  0.000  0.000  0.000  0.000  0.000  0.000  0.000
  0.000  0.000  0.000  0.000  0.000  0.000  0.000  0.000  0.000  0.000  0.000
  0.000  0.000  0.000  0.000  0.000  0.000  0.000  0.000  0.000  0.000  0.000
  0.000  0.000  0.000  0.000  0.000  0.000  0.000  0.000  0.000  0.000  0.000
  0.000  0.000  0.000  0.000  0.000  0.000  0.000  0.000  0.000  0.000  0.000
  0.000  0.000  0.000  0.000  0.000  0.000  0.000  0.000  0.000  0.000  0.000
  0.000  0.000  0.000  0.000  0.000  0.000  0.000  0.000  0.000  0.000  0.000
  0.000  0.000  0.000  0.000  0.000  0.000  0.000  0.000  0.000  0.000  0.000
  0.000  0.000  0.000  0.000  0.000  0.000  0.000  0.000  0.000  0.000  0.000
  0.000  0.000  0.000  0.000  0.000  0.000  0.000  0.000  0.000  0.000  0.000
  0.000  0.000  0.000  0.000  0.000  0.000  0.000  0.000  0.000  0.000  0.000
  0.000  0.000  0.000  0.000  0.000  0.000  0.000  0.000  0.000  0.000  0.000
  0.000  0.000  0.000  0.000  0.000  0.000  0.000  0.000  0.000  0.000  0.000
  0.000  0.000  0.000  0.000  0.000  0.000  0.000  0.000  0.000  0.000  0.000
  0.000  0.000  0.000  0.000  0.000  0.000  0.000  0.000  0.000  0.000  0.000
  0.000  0.000  0.000  0.000  0.000  0.000  0.000  0.000  0.000  0.000  0.000
  0.000  0.000  0.000  0.000  0.000  0.000  0.000  0.000  0.000  0.000  0.000
  0.000  0.000  0.000  0.000  0.000  0.000  0.000  0.000  0.000  0.000  0.000
  0.000  0.000  0.000  0.000  0.000  0.000  0.000  0.000  0.000  0.000  0.000
  0.000  0.000  0.000  0.000  0.000  0.000  0.000  0.000  0.000  0.000  0.000
  0.000  0.000  0.000  0.000  0.000  0.000  0.000  0.000  0.000  0.000  0.000
  0.000  0.000  0.000  0.000  0.000  0.000  0.000  0.000  0.000  0.000  0.000
  0.065  0.000  0.000  0.000  0.000  0.000  0.000  0.000  0.000  1.185  0.000
  8.405  0.000  0.000  0.311  0.000  0.000  0.000  0.000  0.000151.503  0.000
  9.189  0.000  0.000  1.006  0.000  0.000  0.000  0.000  0.000160.984  0.000
  9.018  0.000  0.000 23.558  0.000  0.000  0.000  0.000  0.000  0.000  0.000
 28.860  0.000  0.000 75.391  0.000  0.000  0.000  0.000  0.000  0.000  0.000
 28.501  0.000  0.000 74.451  0.000  0.000  0.000  0.000  0.000  0.000  0.000
 13.280  0.000  0.000 34.691  0.000  0.000  0.000  0.000  0.000  0.000  0.000
  1.000  0.000  0.000  2.612  0.000  0.000  0.000  0.000  0.000  0.000  0.000
  0.216  0.000  0.000  0.565  0.000  0.000  0.000  0.000  0.000  0.000  0.000
  0.169  0.531  0.000  0.177  0.000  0.000  0.000  0.000  0.000  0.000  0.000
  1.690  4.331  4.664  0.000 11.077  0.000  0.000  0.000  0.000  0.000  0.000
 12.085 34.867 44.526  0.000 54.421  0.000  0.000  0.000  0.000  0.000  0.000
 27.029106.653 59.705  0.000 61.263  0.000  0.000  0.000  0.000  0.000  0.000
 21.030 90.225 37.325  0.000 31.432  0.000  0.000  0.000  0.000  0.000  0.000
  6.539 31.506  9.306  0.000  0.000  0.000  0.000  0.000  0.000  0.000  0.000
  3.138 16.396  0.000  0.000  0.000  0.000  0.000  0.000  0.000  0.000  0.000
  1.881  9.825  0.000  0.000  0.000  0.000  0.000  0.000  0.000  0.000  0.000
  0.676  3.533  0.000  0.000  0.000  0.000  0.000  0.000  0.000  0.000  0.000
  0.145  0.760  0.000  0.000  0.000  0.000  0.000  0.000  0.000  0.000  0.000
  0.495  0.000  0.000  0.000  0.000  0.000  0.724  0.000  2.380  0.000  0.000
  2.553  0.000  0.000  0.000  0.000  0.000  2.075  0.000 12.744  0.000  0.000
  2.945  0.000  0.000  0.000  0.000  0.000  1.322  0.000 15.010  0.000  0.000
  3.941  0.000  0.000  0.045  0.000  0.000  0.948  0.000 20.227  0.000  0.000
  3.707  0.000  0.000  0.346  0.000  0.000  0.908  0.000 18.416  0.000  0.000
  2.633  0.000  0.000  1.906  0.000  0.000  1.160  0.000  9.611  0.000  0.000
  1.719  0.000  0.000  2.742  0.000  0.000  3.616  0.000  2.464  0.000  0.000
  1.621  0.000  0.000  3.510  0.000  0.000  3.739  0.000  0.381  0.000  0.000
  0.968  0.000  0.000  2.236  0.000  0.000  2.053  0.000  0.000  0.000  0.000
  0.783  0.000  0.000  1.762  0.000  0.000  1.974  0.000  0.000  0.000  0.000
  1.831  0.000  0.000  4.375  0.000  0.000  2.374  0.000  0.136  0.000  0.000
  4.613  0.000  0.000 11.430  0.000  0.000  2.057  0.000  0.653  0.000  0.000
  7.180  0.000  0.000 18.378  0.000  0.000  1.322  0.000  0.378  0.000  0.000
  7.481  0.000  0.000 18.754  0.000  0.000  3.186  0.000  0.668  0.000  0.000
  6.535  0.000  1.435 16.046  0.000  0.000  2.870  0.000  0.820  0.000  0.000
  3.939  0.000  3.760  8.651  0.396  0.000  2.177  0.000  1.470  0.000  0.000
  3.011  0.765 13.957  3.660  2.677  0.000  2.486  0.000  2.185  0.000  0.000
  3.528  3.749 13.122  1.795 11.829  0.000  4.805  0.000  2.588  0.000  0.000
  5.064 11.696  9.474  0.511 22.345  0.000  3.396  0.000  3.677  0.000  0.000
  9.716 26.147 33.388  0.766 28.025  0.000  2.768 18.165  3.608  1.384  0.000
  8.547 27.471 10.553  1.531 15.746  0.000  4.858  7.035  4.547  1.340  0.000
  6.407 19.287  8.763  1.113  6.815  0.000  6.653 10.223  3.802  4.868  0.000
  4.731 11.504  7.078  1.011  6.763  0.000  3.932 20.918  3.191  7.235  0.000
  4.020  6.536  1.068  1.852  7.931  0.000  4.728 11.744  4.358  7.016  0.000
  2.994  4.523  2.219  1.797  0.296  0.000  8.582 11.393  3.086  2.811  0.000
  2.710  1.887  0.000  2.113  0.000  0.000 10.627 11.058  3.324  4.308  0.000
  2.349  2.311  0.000  2.191  0.000  0.000  6.415  8.785  1.833  5.438  0.000
  2.593  4.412  0.000  2.574  0.677  0.000  3.522 13.275  1.355  3.116  0.000
  2.901  4.739  0.000  2.238 11.848  0.000  2.896 18.431  0.301  2.370  0.000
  3.192  8.374  0.000  1.774  9.471  0.000  0.896 15.231  0.183  3.456  0.000
  2.485  5.904  0.000  1.761  3.735  0.000  2.365 19.171  0.036  3.486  0.000
  2.027  4.533  0.000  1.765  2.422  0.000  0.242 16.109  0.000  3.876  0.000
  1.405  2.324  0.000  1.482  3.301  0.000  0.236 14.854  0.000  1.533  0.000
  1.067  0.492  0.000  1.131  5.165  0.000  0.115 18.481  0.000  1.951  0.000
  0.697  0.000  0.000  0.974  0.894  0.000  0.224 20.349  0.000  1.901  0.000
  0.643  0.000  0.000  0.731  0.000  0.000  0.327 10.676  0.000  4.793  0.000
  0.639  0.000  0.000  0.713  0.000  0.000  0.212 15.609  0.000  4.247  0.000
  0.668  0.000  0.000  1.050  0.000  0.000  0.414 10.870  0.000  2.899  0.000
  0.983  0.000  0.000  2.077  0.000  0.000  0.202  0.000  0.115  2.827  0.000
  1.061  0.000  0.000  2.266  0.000  0.000  0.000  0.000  0.675  1.182  0.000
  0.883  0.000  0.000  1.813  0.000  0.000  0.000  0.000  0.522  1.634  0.000
  0.934  0.000  0.000  1.636  0.000  0.000  0.000  0.000  1.073  1.877  0.000
  1.243  0.000  0.000  2.631  0.000  0.000  0.000  0.000  0.969  0.916  0.000
  1.703  0.000  0.000  3.683  0.000  0.000  0.000  0.000  1.534  0.000  0.000
  2.525  0.000  0.000  5.834  0.000  0.000  0.000  0.000  1.524  0.000  0.000
  3.258  0.000  0.000  7.447  0.000  0.000  0.000  0.000  2.124  0.000  0.000
  2.262  0.000  0.000  5.013  0.000  0.000  0.000  0.000  1.790  0.000  0.000
  1.505  0.000  0.653  2.952  0.000  0.000  0.000  0.000  1.774  0.000  0.000
  0.878  0.000  2.636  0.924  1.358  0.000  0.000  0.000  1.598  0.000  0.000
  0.714  0.000  3.751  0.380  2.423  0.000  0.000  0.000  1.206  0.000  0.000
  1.020  0.000  7.189  0.131  5.506  0.000  0.000  0.000  1.442  0.000  0.000
  1.408  0.192  9.431  0.257 10.179  0.000  0.000  0.000  1.048  0.000  0.000
  1.667  0.691  9.892  0.628  9.892  0.000  0.000  0.000  1.110  0.000  0.000
  1.624  0.861  5.740  1.373  7.318  0.000  0.000  0.000  1.148  0.000  0.000
  1.610  1.566  4.005  1.556  3.584  0.000  0.000  0.000  1.104  1.616  0.000
  1.814  2.911  1.308  1.809  2.271  0.000  0.000  0.000  0.944  3.442  0.000
  1.851  2.601  0.000  2.062  1.551  0.000  0.000  0.000  0.886  5.665  0.000
  1.467  1.888  0.000  2.275  0.000  0.000  0.000  0.000  0.283  3.305  0.000
  1.212  0.907  0.000  2.138  0.000  0.000  0.000  0.000  0.629  1.814  0.000
  1.080  0.109  0.000  2.159  0.000  0.000  0.000  0.000  0.708  1.778  0.000
  0.664  0.000  0.311  1.299  0.000  0.000  0.000  0.000  0.409  1.308  0.000
  0.815  0.000  3.482  1.134  0.611  0.000  0.000  0.000  0.576  0.855  0.000
  0.678  0.000  2.337  1.061  1.618  0.000  0.000  0.000  0.257  0.120  0.000
  0.659  0.000  2.704  0.546  4.233  0.000  0.000  0.000  0.370  0.000  0.000
  0.767  0.000  3.404  0.898  3.231  0.000  0.000  0.000  0.313  0.000  0.000
  0.808  0.000  4.077  0.971  2.774  0.000  0.000  0.000  0.324  0.000  0.000
  0.748  0.318  1.223  1.088  1.278  0.000  0.056  0.000  0.683  0.000  0.000
  0.827  0.811  0.000  1.045  1.473  0.000  0.164  0.000  0.951  0.000  0.000
  0.973  0.949  0.000  1.118  1.179  0.000  0.107  0.000  1.531  0.000  0.000
  0.953  1.158  0.000  0.985  0.737  0.000  0.368  0.000  1.383  0.526  0.000
  0.755  0.842  0.000  0.753  0.000  0.000  1.137  0.000  1.049  0.775  0.000
  0.664  0.261  0.000  0.893  0.000  0.000  1.422  0.000  0.595  1.473  0.000
  0.723  0.200  0.000  0.863  0.000  0.000  1.298  0.000  0.442  3.643  0.000
  0.955  0.000  0.000  1.352  0.000  0.000  1.913  0.000  0.378  4.758  0.000
  1.168  0.000  0.000  1.529  0.000  0.000  2.218  0.000  0.882  5.351  0.000
  1.172  0.000  0.000  1.341  0.000  0.000  2.844  0.000  0.894  6.066  0.000
  0.698  0.000  0.000  1.012  0.000  0.000  1.212  0.000  0.346  3.262  0.000
  0.589  0.000  0.275  0.969  0.000  0.000  0.825  0.000  0.432  1.375  0.000
  0.599  0.000  0.451  0.927  0.000  0.000  0.180  0.000  0.773  1.127  0.000
  0.710  0.000  0.931  0.962  0.000  0.000  1.152  0.000  1.089  0.355  0.000
  0.875  0.000  0.610  1.208  0.000  0.000  1.177  0.000  1.595  0.174  0.000
  0.683  0.000  1.073  0.956  0.000  0.000  1.115  0.000  1.030  0.000  0.000
  0.639  0.000  1.393  0.880  0.000  0.000  0.464  0.000  1.049  0.000  0.000
  0.507  0.000  1.786  0.706  0.000  0.000  0.457  0.000  0.593  0.000  0.000
  0.434  0.000  1.676  0.502  0.000  0.000  1.390  0.000  0.386  0.000  0.000
  0.269  0.000  0.845  0.236  0.000  0.000  1.006  0.000  0.403  0.000  0.000
  0.251  0.000  1.110  0.226  0.000  0.000  1.268  0.000  0.181  0.000  0.000
  0.262  0.000  1.639  0.150  0.000  0.000  1.405  0.000  0.201  0.000  0.000
  0.227  0.000  0.615  0.000  0.000  0.000  2.075  0.000  0.285  0.461  0.000
  0.271  0.000  0.000  0.000  0.000  0.000  2.914  0.000  0.368  0.757  0.000
  0.404  0.000  0.000  0.000  0.000  0.000  3.615  0.000  0.628  1.565  0.000
  0.454  0.000  0.000  0.000  0.000  0.000  3.268  0.000  0.892  1.909  0.000
  0.603  0.000  0.000  0.000  0.000  0.000  4.630  0.000  1.240  2.062  0.000
  0.546  0.000  0.000  0.041  0.000  0.000  3.243  0.000  1.426  1.461  0.000
  0.501  0.000  0.000  0.151  0.000  0.000  2.423  0.000  1.294  1.159  0.000
  0.515  0.000  0.000  0.351  0.000  0.000  1.627  0.000  1.187  1.177  0.000
  0.356  0.000  0.000  0.400  0.000  0.000  0.443  0.000  0.721  0.750  0.000
  0.335  0.000  0.000  0.365  0.067  0.000  0.605  0.000  0.740  0.303  0.000
  0.382  0.000  0.000  0.336  0.696  0.000  0.232  0.000  0.947  0.398  0.000
  0.257  0.000  0.000  0.215  0.163  0.000  0.065  0.000  0.756  0.327  0.000
  0.240  0.000  0.000  0.175  0.097  0.000  0.290  0.000  0.764  0.097  0.000
  0.207  0.000  0.000  0.109  0.159  0.000  0.318  0.000  0.717  0.032  0.000
  0.204  0.000  0.000  0.058  0.407  0.000  0.345  0.000  0.716  0.063  0.000
  0.193  0.000  0.000  0.110  0.124  0.000  0.804  0.000  0.503  0.062  0.000
  0.253  0.000  0.000  0.139  0.213  0.000  0.915  0.000  0.662  0.213  0.000
  0.296  0.000  0.000  0.185  0.150  0.000  1.414  0.000  0.670  0.211  0.000
  0.365  0.000  0.000  0.182  0.148  0.000  2.166  0.000  0.831  0.178  0.000
  0.331  0.000  0.000  0.109  0.176  0.000  1.171  0.000  1.079  0.176  0.000
  0.385  0.000  0.000  0.124  0.636  0.000  0.664  0.000  1.378  0.058  0.000
  0.371  0.000  0.000  0.159  0.399  0.000  0.456  0.000  1.368  0.029  0.000
  0.455  0.177  0.000  0.141  0.478  0.000  0.647  0.000  1.463  0.478  0.000
  0.323  0.024  0.000  0.127  0.361  0.000  0.139  0.000  1.182  0.305  0.000
  0.331  0.023  0.000  0.117  0.247  0.000  0.356  0.000  1.222  0.274  0.000
  0.336  0.015  0.000  0.228  0.271  0.000  0.433  0.000  1.013  0.244  0.000
  0.316  0.015  0.000  0.198  0.401  0.000  0.214  0.000  0.931  0.454  0.000
  0.301  0.023  0.000  0.207  0.185  0.000  0.237  0.000  0.942  0.264  0.000
  0.218  0.074  0.000  0.123  0.208  0.000  0.156  0.000  0.655  0.208  0.000
  0.222  0.059  0.000  0.220  0.154  0.000  0.180  0.000  0.463  0.360  0.000
  0.247  0.051  0.000  0.283  0.279  0.000  0.152  0.000  0.457  0.330  0.000
  0.171  0.029  0.000  0.233  0.276  0.000  0.100  0.000  0.272  0.075  0.000
  0.236  0.064  0.198  0.248  0.396  0.000  0.223  0.000  0.425  0.050  0.000
  0.240  0.063  0.073  0.315  0.343  0.000  0.490  0.000  0.280  0.073  0.000
  0.319  0.138  0.048  0.401  0.653  0.000  0.870  0.000  0.256  0.073  0.000
  0.398  0.328  0.072  0.413  0.908  0.000  1.242  0.000  0.218  0.263  0.000
  0.427  0.283  0.071  0.445  0.803  0.000  1.227  0.000  0.405  0.189  0.000
  0.556  0.440  0.117  0.490  0.490  0.000  2.192  0.000  0.586  0.350  0.000
  0.417  0.211  0.184  0.471  0.438  0.000  1.060  0.000  0.487  0.207  0.000
  0.493  0.416  0.364  0.384  0.638  0.000  1.093  0.000  0.553  0.843  0.000
  0.517  0.643  0.158  0.473  0.518  0.000  1.508  0.000  0.373  0.405  0.000
  0.468  0.362  0.111  0.505  0.489  0.000  1.535  0.000  0.407  0.200  0.000
  0.393  0.176  0.110  0.484  0.418  0.000  0.770  0.000  0.427  0.396  0.000
  0.475  0.317  0.696  0.429  0.630  0.000  0.783  0.000  0.584  0.435  0.000
  0.596  0.448  0.860  0.596  0.903  0.000  0.838  0.000  0.553  0.623  0.000
  0.644  0.668  0.977  0.586  0.871  0.000  1.147  0.000  0.492  0.616  0.000
  0.608  0.588  0.714  0.564  0.504  0.000  0.945  0.000  0.588  0.882  0.000
  0.618  0.303  0.706  0.644  0.478  0.000  0.935  0.000  0.831  0.706  0.000
  0.563  0.246  0.452  0.563  0.513  0.000  0.657  0.000  0.904  0.698  0.000
  0.605  0.464  0.284  0.548  0.487  0.000  0.630  1.564  0.923  0.751  0.000
  0.707  0.580  0.141  0.660  1.145  0.000  0.321  1.828  0.941  1.125  0.000
  0.662  0.465  0.159  0.857  0.854  0.000  0.437  1.251  0.613  0.695  0.000
  0.717  0.427  0.118  0.918  0.629  0.000  0.393  0.963  0.842  0.963  0.000
  0.741  0.416  0.136  0.919  1.244  0.000  0.330  1.088  0.905  0.622  0.000
  0.767  0.582  0.154  0.854  1.096  0.000  0.538  0.942  1.049  0.423  0.000
  0.766  0.701  0.133  0.839  0.951  0.000  0.475  0.532  1.021  0.475  0.000
  0.883  0.801  0.150  0.879  1.411  0.000  0.922  0.527  1.182  0.489  0.000
  0.861  0.909  0.335  0.744  1.377  0.000  1.135  0.782  1.117  0.484  0.000
  0.785  0.637  1.050  0.826  0.663  0.000  0.902  1.289  0.852  0.552  0.000
  0.899  0.854  1.385  0.898  1.039  0.000  1.057  0.765  0.828  0.674  0.000
  0.991  0.948  2.560  0.835  1.190  0.000  0.667  0.757  0.989  0.974  0.000
  1.033  1.223  2.444  0.872  0.535  0.000  0.964  0.624  0.805  1.659  0.000
  1.070  1.392  0.971  1.100  0.600  0.000  1.289  0.618  0.737  1.466  0.000
  0.921  1.074  1.765  0.916  0.979  0.000  0.734  0.489  0.589  1.066  0.000
  0.983  1.260  1.626  0.941  0.640  0.000  0.675  0.484  0.657  1.660  0.000
  1.094  1.296  1.661  1.049  0.719  0.000  0.599  0.360  0.822  2.226  0.000
  1.086  1.080  1.508  1.094  0.796  0.000  0.813  4.508  0.678  2.288  0.000
  1.029  0.743  1.124  1.083  1.459  0.000  0.822  3.523  0.719  2.214  0.000
  0.974  0.517  1.146  1.172  1.544  0.000  0.847  1.627  0.584  1.976  0.000
  1.043  0.878  0.773  1.278  1.332  0.000  0.806  1.496  0.615  1.776  0.000
  1.074  0.725  1.009  1.507  0.863  0.000  0.928  2.621  0.493  1.660  0.000
  1.087  0.714  1.305  1.503  0.741  0.000  0.870  0.790  0.474  2.159  0.000
  1.117  0.957  1.548  1.479  0.447  0.000  0.558  0.447  0.574  2.090  0.000
  1.142  1.436  1.074  1.339  0.490  0.000  0.664  0.442  0.623  2.022  0.000
  1.144  1.100  1.361  1.433  0.892  0.000  0.501  0.438  0.666  1.893  0.000
  1.168  1.412  2.014  1.381  0.651  0.000  0.542  0.434  0.593  1.410  0.000
  1.325  1.907  2.946  1.399  0.629  0.000  0.522  0.430  0.737  1.028  0.000
  1.287  1.924  2.584  1.385  0.608  0.000  0.638  0.638  0.560  1.231  0.000
  1.378  2.159  3.010  1.404  0.542  0.000  0.783  0.738  0.546  1.460  0.000
  1.240  1.853  2.713  1.186  0.343  0.000  0.969  1.670  0.575  1.610  0.000
  1.194  1.818  1.108  1.295  0.517  0.000  1.491  2.171  0.506  1.196  0.000
  1.071  1.521  2.150  1.030  0.585  0.000  1.434  0.410  0.476  1.156  0.000
  0.975  1.387  1.710  1.016  0.609  0.000  1.217  0.406  0.455  0.667  0.000
  0.970  1.185  2.024  1.060  0.689  0.000  1.105  0.402  0.406  0.876  0.000
  0.957  1.052  1.180  1.099  0.995  0.000  1.123  0.299  0.536  0.910  0.000
  0.842  0.676  0.662  1.061  0.859  0.000  1.141  0.395  0.584  0.845  0.000
  0.819  0.566  1.047  1.021  0.782  0.000  1.131  0.293  0.602  0.740  0.000
  0.832  0.605  0.802  0.978  0.802  0.000  0.788  1.452  0.826  0.761  0.000
  0.911  0.760  0.809  1.044  0.603  0.000  1.110  1.631  0.959  0.589  0.000
  0.888  0.582  0.557  1.007  1.005  0.000  0.842  1.806  1.145  0.489  0.000
  0.981  0.857  0.283  0.931  1.480  0.000  0.929  3.015  1.330  0.646  0.000
  0.883  0.983  0.267  0.726  1.494  0.000  1.027  0.840  1.166  0.627  0.000
  0.897  0.555  1.282  0.763  2.115  0.000  1.110  1.665  1.061  0.661  0.000
  1.009  0.846  1.231  0.872  1.742  0.000  1.297  2.109  1.250  0.432  0.000
  0.985  0.868  0.701  0.888  1.649  0.000  1.078  2.363  1.272  0.545  0.000
  1.009  0.662  0.836  0.958  1.995  0.000  1.119  1.892  1.283  0.721  0.000
  0.944  0.663  0.804  1.091  0.906  0.000  0.855  1.696  1.071  0.753  0.000
  0.932  0.675  1.176  0.928  0.961  0.000  0.923  2.035  1.203  0.619  0.000
  0.911  0.587  1.316  0.824  1.892  0.000  0.927  1.316  1.110  0.627  0.000
  0.919  0.767  1.540  0.786  1.590  0.000  0.770  0.783  1.086  0.808  0.000
  0.952  0.859  1.305  0.936  0.714  0.000  0.813  0.776  1.126  0.961  0.000
  0.943  0.917  1.416  0.855  0.647  0.000  0.952  2.137  1.036  1.111  0.000
  0.944  0.591  1.319  1.058  0.884  0.000  0.993  1.695  1.051  0.666  0.000
  0.933  0.844  1.548  1.046  0.756  0.000  0.768  1.176  0.874  0.492  0.000
  0.815  0.592  1.297  0.945  0.583  0.000  0.952  1.083  0.765  0.559  0.000
  0.814  0.654  1.015  0.959  0.543  0.000  0.897  1.074  0.802  0.460  0.000
  0.850  0.575  1.813  0.886  0.632  0.000  0.936  0.983  0.796  1.029  0.000
  0.841  0.461  1.218  0.767  0.777  0.000  1.786  0.974  0.805  1.647  0.000
  0.838  0.516  1.116  0.832  0.690  0.000  1.772  1.208  0.703  1.484  0.000
  0.865  0.684  0.844  0.828  0.833  0.000  1.608  1.118  0.906  1.015  0.000
  0.806  0.556  1.075  0.784  0.826  0.000  1.663  1.425  0.743  0.928  0.000
  0.794  0.503  0.819  0.856  0.830  0.000  1.391  1.257  0.798  0.752  0.000
  0.767  0.385  0.723  0.801  1.157  0.000  1.124  0.701  0.779  1.246  0.000
  0.782  0.574  0.861  0.684  1.269  0.000  1.413  0.541  0.722  1.357  0.000
  0.841  0.722  0.646  0.746  1.171  0.000  1.609  1.303  0.819  1.149  0.000
  0.847  0.648  0.554  0.869  0.695  0.000  1.715  1.292  0.924  0.749  0.000
  0.911  0.677  0.538  0.985  0.689  0.000  1.400  0.678  0.972  1.271  0.000
  0.887  0.589  0.801  0.980  0.929  0.000  1.154  0.374  0.870  1.314  0.000
  0.970  0.621  0.752  1.063  1.314  0.000  1.102  0.445  1.069  1.155  0.000
  0.871  0.453  0.599  1.026  1.009  0.000  1.041  0.368  0.982  1.030  0.000
  0.843  0.453  0.824  0.912  0.824  0.000  1.397  0.657  0.983  0.865  0.000
  0.777  0.443  0.590  0.866  0.848  0.000  1.086  1.810  0.981  0.372  0.000
  0.769  0.572  0.842  0.887  0.452  0.000  0.975  1.365  0.871  0.339  0.000
  0.811  0.623  1.039  0.996  0.652  0.000  1.028  0.356  0.713  0.417  0.000
  0.852  1.204  1.455  0.827  0.404  0.000  0.818  0.566  0.719  0.303  0.000
  0.833  0.853  1.353  0.941  0.200  0.000  0.772  3.649  0.662  0.501  0.000
