   1  16   1   0  0.6430058E+02  0.5000000E+03
  CAR 
 Cluster                                 
   0   0   0
   1   1
 256 256 256
 256
  0.1000000E-09
  0.3906250E-11
   1
  0.1000000E-14  0.7757600E-09  0.1170620E-08  0.1132900E-08
  0.4878345E+03  0.5014098E+03
  0.000  0.000  0.000  0.000  0.000  0.000  0.000  0.000  0.000  0.000  0.000
  0.000  0.000  0.000  0.000  0.000  0.000  0.000  0.000  0.000  0.000  0.000
  0.000  0.000  0.000  0.000  0.000  0.000  0.000  0.000  0.000  0.000  0.000
  0.000  0.000  0.000  0.000  0.000  0.000  0.000  0.000  0.000  0.000  0.000
  0.000  0.000  0.000  0.000  0.000  0.000  0.000  0.000  0.000  0.000  0.000
  0.000  0.000  0.000  0.000  0.000  0.000  0.000  0.000  0.000  0.000  0.000
  0.000  0.000  0.000  0.000  0.000  0.000  0.000  0.000  0.000  0.000  0.000
  0.000  0.000  0.000  0.000  0.000  0.000  0.000  0.000  0.000  0.000  0.000
  0.000  0.000  0.000  0.000  0.000  0.000  0.000  0.000  0.000  0.000  0.000
  0.000  0.000  0.000  0.000  0.000  0.000  0.000  0.000  0.000  0.000  0.000
  0.000  0.000  0.000  0.000  0.000  0.000  0.000  0.000  0.000  0.000  0.000
  0.000  0.000  0.000  0.000  0.000  0.000  0.000  0.000  0.000  0.000  0.000
  0.000  0.000  0.000  0.000  0.000  0.000  0.000  0.000  0.000  0.000  0.000
  0.000  0.000  0.000  0.000  0.000  0.000  0.000  0.000  0.000  0.000  0.000
  0.000  0.000  0.000  0.000  0.000  0.000  0.000  0.000  0.000  0.000  0.000
  0.000  0.000  0.000  0.000  0.000  0.000  0.000  0.000  0.000  0.000  0.000
  0.000  0.000  0.000  0.000  0.000  0.000  0.000  0.000  0.000  0.000  0.000
  0.000  0.000  0.000  0.000  0.000  0.000  0.000  0.000  0.000  0.000  0.000
  0.000  0.000  0.000  0.000  0.000  0.000  0.000  0.000  0.000  0.000  0.000
  0.000  0.000  0.000  0.000  0.000  0.000  0.000  0.000  0.000  0.000  0.000
  0.000  0.000  0.000  0.000  0.000  0.000  0.000  0.000  0.000  0.000  0.000
  0.000  0.000  0.000  0.000  0.000  0.000  0.000  0.000  0.000  0.000  0.000
  0.000  0.000  0.000  0.000  0.000  0.000  0.000  0.000  0.000  0.000  0.000
  0.000  0.000  0.000  0.000  0.000  0.000  0.000  0.000  0.000  0.000  0.000
  0.000  0.000  0.000  0.000  0.000  0.000  0.000  0.000  0.000  0.000  0.000
 21.121  0.000  0.000  4.023  0.000  0.000  0.000  0.000  0.000181.035  0.000
 21.900  0.000  0.000 29.491  0.000  0.000  0.000  0.000  0.000111.754  0.000
 19.863  0.000  0.000 60.536  0.000  0.000  0.000  0.000  0.000  0.000  0.000
 20.343  0.000  0.000 61.999  0.000  0.000  0.000  0.000  0.000  0.000  0.000
 10.439  0.000  0.000 31.814  0.000  0.000  0.000  0.000  0.000  0.000  0.000
  4.383  0.000  0.000 13.358  0.000  0.000  0.000  0.000  0.000  0.000  0.000
  1.262  0.000  0.000  3.845  0.000  0.000  0.000  0.000  0.000  0.000  0.000
  0.203  0.000  0.000  0.103  1.806  0.000  0.000  0.000  0.000  0.000  0.000
  6.852  1.133 10.199  0.000 66.291  0.000  0.000  0.000  0.000  0.000  0.000
 16.377 25.002 36.541  0.000118.918  0.000  0.000  0.000  0.000  0.000  0.000
 27.388113.625101.112  0.000 71.142  0.000  0.000  0.000  0.000  0.000  0.000
 15.249 82.666 34.937  0.000 21.191  0.000  0.000  0.000  0.000  0.000  0.000
  4.426 27.854  0.000  0.000  5.426  0.000  0.000  0.000  0.000  0.000  0.000
  2.172 15.100  0.000  0.000  0.000  0.000  0.000  0.000  0.252  0.000  0.000
  1.490 10.433  0.000  0.000  0.000  0.000  0.000  0.000  0.120  0.000  0.000
  1.221  7.753  0.000  0.000  0.000  0.000  0.000  0.000  0.684  0.000  0.000
  0.872  1.920  0.000  0.000  0.000  0.000  0.000  0.000  3.147  0.000  0.000
  1.960  1.408  0.000  0.000  0.000  0.000  0.000  0.000  9.208  0.000  0.000
  3.005  0.403  0.000  0.000  0.000  0.000  0.000  0.000 15.406  0.000  0.000
  4.281  0.000  0.000  0.000  0.000  0.000  0.000  0.000 22.365  0.000  0.000
  4.267  0.000  0.000  0.000  0.000  0.000  0.000  0.000 22.295  0.000  0.000
  3.358  0.000  0.000  0.000  0.000  0.000  0.000  0.000 17.544  0.000  0.000
  1.665  0.000  0.000  0.000  0.000  0.000  0.000  0.000  8.365  0.580  0.000
  1.110  0.000  0.000  0.000  0.000  0.000  0.000  0.000  5.323  0.834  0.000
  1.445  0.000  0.000  1.468  0.000  0.000  0.000  0.000  3.508  2.669  0.000
  2.160  0.000  0.000  5.172  0.000  0.000  0.000  0.000  0.953  2.565  0.000
  3.034  0.000  0.000  6.946  0.000  0.000  0.986  0.000  0.211  6.042  0.000
  4.295  0.000  0.000 10.955  0.000  0.000  0.475  0.000  0.271  5.695  0.000
  5.011  0.000  0.000 12.987  0.000  0.000  0.457  0.000  0.131  6.398  0.000
  4.925  0.000  0.000 13.432  0.000  0.000  0.440  0.000  0.126  4.294  0.000
  4.424  0.000  0.000 12.103  0.000  0.000  1.274  0.000  0.303  2.973  0.000
  3.742  0.637  0.000  9.459  0.000  0.000  2.459  0.000  0.293  2.561  5.020
  3.613  3.462  2.770  7.517  0.000  0.000  3.561  0.000  0.226  0.791 13.155
  4.013  8.176  5.797  3.822  0.223  0.000  5.160  0.000  0.437  1.433 50.838
  5.547 15.160 18.321  2.340  4.419  0.000  9.792  0.000  0.845  0.739 38.151
  7.407 15.219 34.190  1.132 17.408  0.000 13.938  0.000  1.736  0.893 30.020
  8.455 15.871 29.455  0.461 30.464  0.000  9.857  0.000  2.421  2.075 38.736
  7.655 16.149 21.879  0.809 22.465  0.000 11.888  0.000  3.110  5.693  7.618
  4.994 13.121  5.299  0.838 11.638  0.000  9.246  0.000  3.198  3.487  2.271
  3.602 10.149  2.935  1.572  3.210  0.000  5.503  0.000  2.740  2.830  5.503
  3.068  8.597  3.557  2.668  0.000  0.000  2.744  0.000  2.657  1.448  0.000
  2.410  5.694  3.278  2.366  0.000  0.000  3.254  0.000  1.986  1.109  0.000
  2.394  5.024  1.507  2.416  0.000  0.000  4.594  6.532  1.559  1.579  0.000
  2.775  8.511  1.626  2.486  0.000  0.000  3.206  7.806  1.354  1.185  0.000
  3.051  6.003  5.845  3.069  0.000  0.000  1.625 34.123  1.083  0.880  0.000
  4.253 10.696  5.373  3.290  0.844  0.000  1.974 64.021  0.940  0.461  0.000
  2.736  3.980  2.537  2.474  4.926  0.000  1.919 25.076  1.499  0.000  0.000
  2.021  1.984  2.468  1.970  6.170  0.000  1.618  1.742  1.493  0.000  0.000
  1.788  0.659  2.260  2.179  6.144  0.000  2.179  0.000  0.934  0.000  0.000
  1.302  0.000  2.062  1.709  2.956  0.000  3.417  0.000  0.943  0.000  0.000
  0.878  0.000  1.606  1.702  0.535  0.000  2.410  0.000  0.328  0.000  0.000
  0.721  0.000  1.174  1.621  0.000  0.000  1.341  0.000  0.319  0.000  0.000
  0.607  0.000  1.016  1.107  0.000  0.000  2.069  0.000  0.436  0.000  0.000
  0.511  0.000  0.991  0.938  0.000  0.000  1.380  0.000  0.425  0.000  0.000
  0.589  0.000  1.087  1.087  0.000  0.000  1.863  0.000  0.118  0.517  0.000
  0.629  0.000  1.178  1.144  0.000  0.000  0.908  0.000  0.115  1.161  0.000
  0.894  0.000  0.804  1.444  0.000  0.000  0.985  0.000  0.141  2.757  0.000
  1.477  0.000  1.345  2.483  0.000  0.000  1.057  0.000  0.220  4.565  0.000
  1.831  0.000  1.861  3.831  0.000  0.000  1.407  0.000  0.402  3.049  0.000
  1.703  0.000  2.565  3.939  0.000  0.000  0.824  0.000  0.236  1.832  0.000
  1.752  0.000  0.000  4.056  0.000  0.000  1.253  0.000  0.179  2.908  0.000
  1.845  0.000  0.000  3.875  0.000  0.000  0.524  0.000  0.250  4.546  0.000
  1.406  0.000  0.000  2.933  0.000  0.000  0.342  0.000  0.317  3.332  0.000
  1.233  0.000  0.000  2.491  1.267  0.000  0.418  0.000  0.310  1.962  0.000
  1.134  0.000  0.857  1.905  2.477  0.000  0.735  0.000  0.630  0.694  0.000
  1.031  0.000  2.795  1.012  2.795  0.000  0.559  8.106  0.776  0.000  0.000
  1.166  0.000  2.825  0.586  3.828  0.000  1.250 19.687  0.558  0.000  0.000
  1.442  0.000  5.797  0.535  3.790  0.000  3.287 26.220  0.262  0.000  0.000
  1.301  0.320  4.277  0.424  2.619  0.000  5.611 20.163  0.257  0.000  0.000
  1.322  0.513  4.785  0.635  2.649  0.000  7.104  4.358  0.586  0.000  0.000
  1.479  0.837  3.012  1.207  3.012  0.000  7.243  1.757  0.615  0.000  0.000
  1.882  3.442  1.967  1.592  2.417  0.000  7.445  0.000  0.783  0.000  0.000
  1.708  3.933  0.000  2.374  1.244  0.000  2.339  0.000  0.688  0.000  0.000
  1.375  2.727  0.551  2.056  0.354  0.000  2.359  0.000  0.674  0.000  0.000
  1.044  1.542  0.385  1.718  0.000  0.000  2.577  0.000  0.547  0.000  0.000
  0.875  1.007  0.302  1.500  0.000  0.000  2.331  0.000  0.518  0.000  0.000
  0.736  0.568  2.592  1.344  0.185  0.000  0.698  0.000  0.200  0.000  0.000
  0.783  0.266  2.760  1.328  0.654  0.000  1.556  0.000  0.178  0.000  0.000
  0.835  0.451  4.559  1.191  0.819  0.000  1.343  0.000  0.087  0.000  0.000
  0.799  0.256  3.354  1.148  1.188  0.000  1.737  0.000  0.120  0.000  0.000
  0.842  0.000  3.085  1.263  2.297  0.000  0.823  0.000  0.118  0.000  0.000
  0.889  0.000  3.633  1.297  2.523  0.000  0.577  0.000  0.099  0.058  0.000
  0.573  0.000  0.000  1.094  1.750  0.000  0.226  0.000  0.081  0.198  0.000
  0.553  0.000  0.000  1.250  0.972  0.000  0.000  0.000  0.190  0.139  0.000
  0.618  0.000  0.000  1.191  1.273  0.000  0.000  0.000  0.234  0.573  0.000
  0.917  0.000  0.000  1.330  2.844  0.000  0.000  0.000  0.444  1.178  0.000
  0.895  0.000  0.000  1.543  2.148  0.000  0.263  0.000  0.256  1.131  0.000
  0.653  0.000  0.000  1.111  1.176  0.000  0.775  0.000  0.236  0.827  0.000
  0.841  0.000  0.000  1.388  0.889  0.000  0.914  0.000  0.566  1.320  0.000
  0.767  0.000  0.000  1.197  0.728  0.000  1.497  0.000  0.570  1.048  0.000
  0.863  0.000  0.000  1.340  0.000  0.000  3.089  0.000  0.756  1.005  0.000
  0.854  0.000  0.000  1.598  0.000  0.000  2.024  0.000  0.661  0.843  0.000
  0.775  0.000  0.000  1.319  0.000  0.000  2.132  0.000  0.582  1.042  0.000
  0.879  0.000  0.000  1.739  0.000  0.000  1.584  0.000  0.519  1.118  0.000
  0.987  0.000  0.000  2.214  0.000  0.000  0.870  0.000  0.563  0.962  0.000
  0.769  0.000  0.000  1.336  0.000  0.000  0.766  0.000  0.669  1.464  0.000
  0.754  0.000  0.000  1.218  0.052  0.000  0.354  0.000  0.886  1.462  0.000
  0.701  0.000  0.000  0.908  0.636  0.000  0.174  0.000  0.772  1.700  0.000
  0.636  0.000  0.000  0.750  0.550  0.000  0.000  0.000  0.625  1.994  0.000
  0.616  0.000  0.000  0.302  1.182  0.000  0.000  0.000  0.675  2.532  0.000
  0.609  0.000  0.000  0.235  1.163  0.000  0.083  0.000  0.724  2.554  0.000
  0.494  0.000  0.000  0.163  0.739  0.000  0.368  0.000  0.619  2.125  0.000
  0.535  0.000  0.000  0.148  1.033  0.000  0.161  0.000  0.931  1.851  0.000
  0.466  0.000  0.000  0.119  0.139  0.000  0.871  0.000  0.917  1.743  0.000
  0.446  0.000  0.000  0.098  0.205  0.000  1.092  0.000  0.713  1.814  0.000
  0.422  0.000  0.000  0.096  0.202  0.000  1.536  0.000  0.746  1.325  0.000
  0.430  0.000  0.000  0.050  0.243  0.000  1.891  0.000  0.573  1.626  0.000
  0.399  0.000  0.000  0.050  0.283  0.000  2.198  0.000  0.500  1.285  0.000
  0.506  0.000  0.000  0.061  0.364  0.000  1.358  0.000  0.902  1.872  0.000
  0.469  0.000  0.000  0.066  0.105  0.000  1.446  0.000  1.012  1.500  0.000
  0.380  0.000  0.000  0.065  0.208  0.000  0.321  0.000  1.059  1.087  0.000
  0.292  0.000  0.000  0.117  0.000  0.000  0.000  0.000  0.893  0.755  0.000
  0.255  0.000  0.000  0.092  0.000  0.000  0.000  0.000  0.870  0.536  0.000
  0.177  0.000  0.000  0.040  0.000  0.000  0.000  0.000  0.536  0.563  0.000
  0.180  0.000  0.000  0.000  0.000  0.000  0.000  0.000  0.624  0.555  0.000
  0.169  0.000  0.000  0.011  0.000  0.000  0.000  0.000  0.701  0.282  0.000
  0.193  0.000  0.000  0.022  0.000  0.000  0.000  0.000  0.691  0.490  0.000
  0.218  0.000  0.000  0.016  0.000  0.000  0.000  0.000  0.865  0.435  0.000
  0.233  0.000  0.000  0.106  0.000  0.000  0.000  0.000  0.808  0.397  0.000
  0.230  0.000  0.000  0.167  0.000  0.000  0.000  0.000  0.734  0.313  0.000
  0.378  0.000  0.000  0.196  0.000  0.000  0.247  0.000  1.271  0.525  0.000
  0.468  0.000  0.000  0.218  0.000  0.000  0.183  0.000  1.646  0.655  0.000
  0.501  0.000  0.000  0.246  0.000  0.000  0.331  0.000  1.795  0.541  0.000
  0.354  0.000  0.035  0.203  0.000  0.000  0.089  0.000  1.127  0.593  0.000
  0.355  0.000  0.205  0.176  0.000  0.000  0.088  0.000  0.970  0.893  0.000
  0.333  0.000  0.168  0.159  0.000  0.000  0.173  0.000  0.982  0.693  0.000
  0.357  0.000  0.133  0.104  0.000  0.000  0.456  0.000  1.140  0.670  0.000
  0.303  0.000  0.295  0.084  0.000  0.000  0.394  0.000  1.141  0.197  0.000
  0.342  0.000  0.421  0.093  0.000  0.000  0.555  0.000  1.269  0.167  0.000
  0.373  0.000  0.160  0.132  0.016  0.000  0.521  0.000  1.480  0.082  0.000
  0.320  0.000  0.095  0.081  0.063  0.000  0.541  0.000  1.275  0.081  0.000
  0.318  0.000  0.405  0.160  0.093  0.000  0.374  0.000  1.068  0.120  0.000
  0.319  0.000  0.646  0.114  0.092  0.000  0.132  0.000  1.107  0.211  0.000
  0.253  0.000  0.213  0.117  0.076  0.000  0.130  0.000  0.915  0.143  0.000
  0.226  0.000  0.240  0.116  0.045  0.000  0.129  0.000  0.823  0.077  0.000
  0.286  0.000  0.296  0.144  0.044  0.000  0.609  0.000  0.950  0.051  0.000
  0.314  0.010  0.263  0.251  0.044  0.000  0.376  0.000  0.924  0.075  0.527
  0.340  0.039  0.809  0.289  0.043  0.000  0.223  0.000  0.885  0.087  0.433
  0.289  0.029  0.485  0.167  0.057  0.000  0.245  0.000  0.881  0.147  0.257
  0.278  0.047  0.282  0.218  0.085  0.000  0.097  0.000  0.836  0.085  0.254
  0.337  0.093  0.279  0.382  0.111  0.000  0.191  0.000  0.751  0.167  0.167
  0.405  0.303  0.606  0.405  0.083  0.000  0.165  0.000  0.782  0.295  0.165
  0.476  0.481  0.272  0.513  0.095  0.000  0.163  0.000  0.833  0.420  0.245
  0.450  0.278  0.215  0.499  0.108  0.000  0.138  0.000  0.889  0.426  0.161
  0.388  0.221  0.266  0.402  0.106  0.000  0.455  0.000  0.702  0.353  0.319
  0.416  0.411  0.262  0.405  0.131  0.000  0.382  0.000  0.617  0.506  0.394
  0.458  0.294  0.285  0.471  0.130  0.000  0.467  0.934  0.610  0.678  0.389
  0.382  0.214  0.282  0.436  0.090  0.000  0.418  0.539  0.383  0.692  0.462
  0.396  0.211  0.355  0.503  0.089  0.000  0.282  1.369  0.273  0.706  0.608
  0.444  0.200  0.376  0.437  0.100  0.000  0.344  1.729  0.454  0.924  0.752
  0.535  0.231  1.536  0.418  0.235  0.000  0.552  0.446  0.534  1.157  0.372
  0.490  0.212  1.837  0.378  0.098  0.000  0.483  0.294  0.318  1.218  1.029
  0.489  0.194  1.308  0.377  0.061  0.000  0.374  0.291  0.350  1.266  2.616
  0.489  0.351  0.862  0.421  0.204  0.000  0.575  0.431  0.293  1.314  0.287
  0.540  0.276  1.042  0.440  0.201  0.000  0.325  0.639  0.394  1.675  0.142
  0.559  0.336  0.703  0.572  0.269  0.000  0.301  0.562  0.390  1.486  0.211
  0.680  0.232  0.672  0.801  0.475  0.000  0.596  0.903  0.380  1.698  0.208
  0.728  0.305  0.939  0.831  0.825  0.000  0.393  0.481  0.376  1.718  0.137
  0.750  0.302  0.703  0.900  1.133  0.000  1.049  0.204  0.427  1.165  0.204
  0.842  0.538  1.121  0.865  1.087  0.000  0.749  0.202  0.631  1.460  0.202
  0.902  0.673  1.597  0.944  0.931  0.000  0.779  0.200  0.695  1.407  0.200
  0.934  0.665  1.294  0.903  1.119  0.000  1.034  0.132  0.876  1.354  0.263
  0.908  0.825  0.391  0.840  1.042  0.000  1.730  0.195  0.824  1.293  0.195
  0.904  0.809  0.387  0.881  1.503  0.000  0.976  0.129  0.752  1.261  0.322
  0.979  1.034  0.404  0.850  1.700  0.000  1.548  0.127  0.661  1.430  0.446
  1.039  0.869  0.505  0.862  2.576  0.000  1.063  0.189  0.602  1.604  1.072
  1.016  0.971  0.728  1.023  1.685  0.000  1.034  0.125  0.678  1.195  2.122
  0.975  0.673  0.597  1.027  1.328  0.000  0.582  0.185  1.034  1.209  1.668
  0.977  0.380  0.408  1.296  1.345  0.000  0.646  0.183  0.928  1.057  1.406
  0.988  0.619  0.383  1.412  1.190  0.000  0.657  0.121  0.830  1.003  0.121
  0.942  0.732  0.519  1.283  1.098  0.000  0.787  0.180  0.802  0.821  0.120
  1.077  1.298  0.909  1.299  1.146  0.000  1.050  0.237  0.828  0.889  0.119
  1.066  0.991  0.900  1.272  1.125  0.000  0.973  0.176  0.949  1.123  0.059
  1.068  1.201  1.085  1.206  0.813  0.000  0.730  1.743  1.015  1.037  0.116
  1.080  1.495  1.227  1.191  1.428  0.000  0.493  1.093  0.850  0.723  0.115
  1.198  2.145  1.594  1.112  1.632  0.000  0.960  0.854  0.804  0.757  0.057
  1.328  2.537  1.278  1.154  1.457  0.000  1.385  1.804  0.953  0.983  0.113
  1.378  2.363  1.228  1.481  1.479  0.000  1.531  0.949  0.725  1.140  0.112
  1.342  2.180  1.622  1.308  1.013  0.000  1.643  1.050  1.024  1.200  0.111
  1.156  1.612  1.879  1.121  0.730  0.000  1.689  0.931  0.992  0.970  0.109
  1.254  1.777  1.843  1.366  0.931  0.000  1.843  0.759  0.912  0.836  0.217
  1.274  1.778  1.897  1.230  1.092  0.000  1.749  3.973  0.824  0.989  0.376
  1.348  1.802  1.400  1.274  1.932  0.000  2.263  2.074  0.829  0.987  0.479
  1.277  1.515  0.983  1.349  1.773  0.000  2.031  3.054  0.705  0.955  0.685
  1.231  1.171  1.565  1.393  1.539  0.000  1.684  2.712  0.779  0.954  0.209
  1.263  1.550  1.378  1.466  1.515  0.000  1.240  1.653  0.856  0.893  0.103
  1.198  0.915  1.604  1.284  2.388  0.000  1.111  1.535  0.927  0.775  0.102
  1.074  0.851  1.251  1.231  1.690  0.000  0.970  1.014  0.915  0.804  0.101
  1.093  0.965  0.452  1.167  1.900  0.000  1.492  1.055  0.988  0.796  0.050
  1.205  1.012  0.912  1.381  1.733  0.000  2.004  3.632  0.707  0.931  0.050
  1.155  0.865  1.216  1.514  1.602  0.000  1.422  2.268  0.636  0.845  0.099
  1.022  0.847  1.758  1.279  1.115  0.000  1.033  0.879  0.602  1.005  0.049
  0.955  0.769  1.032  1.092  1.258  0.000  0.995  0.726  0.778  0.968  0.097
  0.935  0.730  0.575  0.984  1.526  0.000  1.096  1.007  0.877  0.870  0.048
  0.978  0.818  0.950  0.948  1.449  0.000  0.977  2.566  1.008  0.767  0.095
  0.970  0.926  0.800  1.114  0.824  0.000  1.076  0.706  0.957  0.767  1.413
  0.984  0.902  0.591  1.164  1.089  0.000  1.080  0.747  0.728  0.887  2.426
  0.831  0.514  1.048  1.057  0.902  0.000  0.859  0.925  0.645  0.753  0.694
  0.728  0.514  0.672  0.938  0.855  0.000  1.244  0.092  0.561  0.517  0.183
  0.823  0.515  1.030  1.008  0.863  0.000  1.181  0.045  0.716  0.759  0.318
  0.805  0.620  0.585  0.875  1.283  0.000  1.171  0.090  0.702  0.714  0.315
  0.777  0.580  0.922  0.788  1.413  0.000  0.663  0.089  0.780  0.650  0.223
  0.799  0.609  0.722  0.891  1.364  0.000  0.455  0.575  0.758  0.695  0.265
  0.978  0.979  1.388  0.896  1.535  0.000  0.551  3.595  0.820  0.770  0.658
  0.986  0.652  1.854  1.012  0.956  0.000  0.720  5.433  0.866  0.764  0.782
  0.906  0.507  1.077  0.985  0.732  0.000  0.800  4.179  0.907  0.856  1.034
  0.872  0.541  0.997  1.037  0.505  0.000  0.842  1.153  0.806  1.166  1.025
  0.889  0.706  0.903  0.895  0.776  0.000  1.198  1.143  0.774  1.156  1.440
  0.948  0.690  0.560  1.060  0.847  0.000  0.912  2.015  0.891  1.002  2.309
  0.862  0.657  0.527  0.999  0.624  0.000  0.856  0.749  0.873  0.928  1.998
  0.918  0.628  0.605  1.048  0.468  0.000  1.109  1.114  0.940  1.232  1.362
  0.912  0.487  0.600  1.208  0.348  0.000  1.123  1.105  0.869  1.210  0.573
  0.855  0.780  0.717  0.901  0.426  0.000  1.136  0.974  0.928  1.049  0.446
  0.758  0.470  0.644  0.799  0.349  0.000  1.207  1.610  0.808  1.000  0.765
  0.805  0.696  0.705  0.743  0.472  0.000  1.653  1.517  0.837  0.918  0.718
  0.749  0.778  0.449  0.673  0.429  0.000  1.481  1.267  0.905  0.673  0.633
  0.788  0.785  0.393  0.746  0.589  0.000  1.065  0.824  0.923  0.948  0.510
  0.867  0.826  0.753  0.842  0.474  0.000  1.379  2.024  0.906  0.945  0.740
  0.924  0.905  0.489  0.888  1.210  0.000  1.302  2.008  0.835  0.938  0.232
  0.969  0.766  0.753  0.921  0.989  0.000  0.941  3.064  1.000  1.247  0.230
  0.947  0.764  0.203  0.928  1.152  0.000  0.695  1.899  1.048  1.237  0.912
  0.947  0.590  0.251  0.985  1.199  0.000  0.743  1.545  1.092  1.120  1.281
  0.815  0.365  0.299  0.965  0.916  0.000  0.790  0.635  0.879  1.137  0.075
  0.887  0.478  0.902  1.026  0.723  0.000  0.890  0.927  0.926  1.207  0.074
  0.922  0.466  0.944  1.045  0.545  0.000  0.967  0.919  1.012  1.429  0.074
  0.915  0.361  0.790  1.023  0.717  0.000  1.491  0.584  0.867  1.527  0.073
  0.914  0.237  1.086  0.965  0.748  0.000  1.344  1.484  0.972  1.468  0.000
  0.868  0.184  1.400  1.005  0.586  0.000  0.739  1.795  0.897  1.385  0.000
  0.809  0.127  0.677  1.014  0.914  0.000  0.692  0.107  0.893  1.196  0.000
  0.786  0.098  0.636  0.981  0.937  0.000  0.717  0.106  0.822  1.227  0.000
  0.685  0.082  1.099  0.802  0.497  0.000  0.812  0.666  0.761  1.027  0.000
