   1  16   1   0  0.6443466E+02  0.5000000E+03
  CAR 
 Cluster                                 
   0   0   0
   1   1
 256 256 256
 256
  0.1000000E-09
  0.3906250E-11
   1
  0.1000000E-14  0.7756100E-09  0.1183610E-08  0.1123020E-08
  0.4933362E+03  0.5005704E+03
  0.000  0.000  0.000  0.000  0.000  0.000  0.000  0.000  0.000  0.000  0.000
  0.000  0.000  0.000  0.000  0.000  0.000  0.000  0.000  0.000  0.000  0.000
  0.000  0.000  0.000  0.000  0.000  0.000  0.000  0.000  0.000  0.000  0.000
  0.000  0.000  0.000  0.000  0.000  0.000  0.000  0.000  0.000  0.000  0.000
  0.000  0.000  0.000  0.000  0.000  0.000  0.000  0.000  0.000  0.000  0.000
  0.000  0.000  0.000  0.000  0.000  0.000  0.000  0.000  0.000  0.000  0.000
  0.000  0.000  0.000  0.000  0.000  0.000  0.000  0.000  0.000  0.000  0.000
  0.000  0.000  0.000  0.000  0.000  0.000  0.000  0.000  0.000  0.000  0.000
  0.000  0.000  0.000  0.000  0.000  0.000  0.000  0.000  0.000  0.000  0.000
  0.000  0.000  0.000  0.000  0.000  0.000  0.000  0.000  0.000  0.000  0.000
  0.000  0.000  0.000  0.000  0.000  0.000  0.000  0.000  0.000  0.000  0.000
  0.000  0.000  0.000  0.000  0.000  0.000  0.000  0.000  0.000  0.000  0.000
  0.000  0.000  0.000  0.000  0.000  0.000  0.000  0.000  0.000  0.000  0.000
  0.000  0.000  0.000  0.000  0.000  0.000  0.000  0.000  0.000  0.000  0.000
  0.000  0.000  0.000  0.000  0.000  0.000  0.000  0.000  0.000  0.000  0.000
  0.000  0.000  0.000  0.000  0.000  0.000  0.000  0.000  0.000  0.000  0.000
  0.000  0.000  0.000  0.000  0.000  0.000  0.000  0.000  0.000  0.000  0.000
  0.000  0.000  0.000  0.000  0.000  0.000  0.000  0.000  0.000  0.000  0.000
  0.000  0.000  0.000  0.000  0.000  0.000  0.000  0.000  0.000  0.000  0.000
  0.000  0.000  0.000  0.000  0.000  0.000  0.000  0.000  0.000  0.000  0.000
  0.000  0.000  0.000  0.000  0.000  0.000  0.000  0.000  0.000  0.000  0.000
  0.000  0.000  0.000  0.000  0.000  0.000  0.000  0.000  0.000  0.000  0.000
  0.000  0.000  0.000  0.000  0.000  0.000  0.000  0.000  0.000  0.000  0.000
  0.000  0.000  0.000  0.000  0.000  0.000  0.000  0.000  0.000  0.000  0.000
  8.717  0.000  0.000  0.000  0.000  0.000  0.000  0.000  0.000159.401  0.000
  9.204  0.000  0.000  1.872  0.000  0.000  0.000  0.000  0.000155.208  0.000
  8.064  0.000  0.000 21.064  0.000  0.000  0.000  0.000  0.000  0.000  0.000
 23.601  0.000  0.000 61.652  0.000  0.000  0.000  0.000  0.000  0.000  0.000
 37.418  0.000  0.000 97.745  0.000  0.000  0.000  0.000  0.000  0.000  0.000
  8.813  0.000  0.000 23.023  0.000  0.000  0.000  0.000  0.000  0.000  0.000
  2.466  0.000  0.000  6.441  0.000  0.000  0.000  0.000  0.000  0.000  0.000
  0.181  0.000  0.000  0.472  0.000  0.000  0.000  0.000  0.000  0.000  0.000
  0.000  0.000  0.000  0.000  0.000  0.000  0.000  0.000  0.000  0.000  0.000
  0.862  0.000  5.256  0.000 10.512  0.000  0.000  0.000  0.000  0.000  0.000
  9.275 23.441 29.184  0.000 58.367  0.000  0.000  0.000  0.000  0.000  0.000
 31.995125.703 73.847  0.000 71.247  0.000  0.000  0.000  0.000  0.000  0.000
 21.872 99.092 33.944  0.000 19.186  0.000  0.000  0.000  0.000  0.000  0.000
  4.537 20.107 12.584  0.000  0.000  0.000  0.000  0.000  0.000  0.000  0.000
  2.853 14.907  0.000  0.000  0.000  0.000  0.000  0.000  0.000  0.000  0.000
  2.458 12.842  0.000  0.000  0.000  0.000  0.000  0.000  0.000  0.000  0.000
  0.481  2.397  0.000  0.000  0.000  0.000  0.000  0.000  0.114  0.000  0.000
  0.562  0.326  0.000  0.000  0.000  0.000  0.000  0.000  2.609  0.000  0.000
  1.488  0.000  0.000  0.000  0.000  0.000  0.000  0.000  7.775  0.000  0.000
  1.913  0.000  0.000  0.000  0.000  0.000  0.000  0.000  9.995  0.000  0.000
  2.353  0.000  0.000  0.000  0.000  0.000  0.000  0.000 12.293  0.000  0.000
  2.441  0.000  0.000  0.000  0.000  0.000  0.000  0.000 12.754  0.000  0.000
  3.199  0.000  0.000  0.606  0.000  0.000  0.000  0.000 15.502  0.000  0.000
  3.209  0.000  0.000  1.245  0.000  0.000  0.000  0.000 14.275  0.000  0.000
  2.484  0.000  0.000  3.901  0.000  0.000  0.000  0.000  5.175  0.000  0.000
  1.390  0.000  0.000  3.286  0.000  0.000  0.000  0.000  0.688  0.000  0.000
  0.900  0.000  0.000  2.240  0.000  0.000  0.000  0.000  0.220  0.000  0.000
  0.676  0.000  0.000  1.553  0.000  0.000  0.988  0.000  0.141  0.000  0.000
  1.691  0.000  0.000  4.076  0.000  0.000  1.665  0.000  0.204  0.000  0.000
  4.208  0.000  0.000 10.632  0.000  0.000  1.832  0.000  0.196  0.000  0.000
  7.747  0.000  0.000 18.945  0.000  0.000  8.606  0.000  0.126  0.000  0.000
  7.924  0.000  0.000 19.485  0.000  0.000  8.086  0.000  0.122  0.000  0.000
  6.883  0.000  1.643 16.161  0.000  0.000 10.471  0.000  0.176  0.000  0.000
  4.087  0.510  1.586  8.298  0.000  0.000 10.110  0.000  0.906  0.000  0.000
  3.163  2.079  7.852  3.420  1.724  0.000 11.108  0.000  1.696  0.000  0.000
  4.809  6.824 21.661  1.693 10.738  0.000 12.219  0.000  2.010  0.555  0.000
  6.375 14.990 20.771  1.535 18.444  0.000  5.730  0.000  2.200  0.716  0.000
  7.562 17.378 17.675  1.089 29.286  0.000  5.025  0.000  4.902  0.693  0.000
  7.910 22.819 14.430  1.055 22.484  0.000  3.859  0.000  4.219  1.846  0.000
  7.182 21.038 12.679  0.766 18.205  0.000  1.788  0.000  4.737  3.088  0.000
  4.282 11.748  6.144  0.878  2.363  0.000  1.575  0.000  4.861  3.939  0.000
  3.668  9.908  0.764  1.528  0.000  0.000  1.680  0.000  4.321  4.125  0.000
  2.521  4.446  0.000  2.287  0.000  0.000  1.186  0.000  2.541  4.446  0.000
  2.171  2.877  0.000  2.014  0.000  0.000  1.870 10.070  2.096  4.891  0.000
  2.475  1.916  0.000  2.115  0.000  0.000  4.749 44.000  1.756  6.565  0.000
  3.250  6.591  0.000  2.171  0.000  0.000  3.528 67.439  0.892  4.885  0.000
  3.058  5.124  2.506  1.978  0.000  0.000  1.846 94.155  0.904  3.165  0.000
  3.127  6.447  5.385  2.253  0.000  0.000  1.538 43.077  0.659  3.462  0.000
  2.244  5.308  5.487  1.514  0.000  0.000  1.372 20.949  0.499  0.249  0.000
  1.725  3.501  3.640  1.595  0.000  0.000  1.577  0.000  0.763  0.243  0.000
  1.673  1.653  5.668  1.670  0.000  0.000  3.070  0.000  1.080  0.590  0.000
  1.195  1.544  3.564  1.265  0.000  0.000  1.150  0.000  0.821  0.000  0.000
  0.735  0.064  3.136  0.672  0.000  0.000  1.904  0.000  0.992  0.000  0.000
  0.847  0.218  5.565  0.702  0.000  0.000  2.619  0.000  0.468  0.000  0.000
  0.500  0.091  0.532  0.775  0.000  0.000  1.595  0.000  0.365  0.000  0.000
  0.442  0.000  0.207  0.859  0.000  0.000  0.622  0.000  0.356  0.000  0.000
  0.719  0.000  0.000  1.488  0.000  0.000  0.506  0.000  0.636  0.000  0.000
  1.149  0.000  0.000  2.707  0.000  0.000  0.691  0.000  0.395  0.000  0.000
  1.143  0.000  0.000  2.476  0.000  0.000  1.733  0.000  0.523  0.000  0.000
  1.013  0.000  0.000  2.162  0.000  0.000  2.162  0.000  0.349  0.000  0.000
  1.406  0.000  0.000  3.239  0.000  0.000  1.010  0.000  0.577  0.000  0.000
  1.790  0.000  0.000  4.316  0.000  0.000  0.807  0.000  0.487  0.000  0.000
  2.558  0.000  0.350  6.094  0.000  0.000  1.402  0.000  0.676  0.000  0.000
  2.341  0.000  0.685  5.430  0.000  0.000  1.284  0.000  0.807  0.000  0.000
  2.146  0.000  0.418  4.866  0.000  0.000  1.590  0.000  0.909  0.000  0.000
  1.562  0.000  0.573  3.063  0.000  0.000  2.864  0.000  1.052  0.000  0.000
  1.155  0.000  3.041  1.200  1.360  0.000  3.281  0.000  1.440  0.000  0.000
  1.400  0.000  9.551  0.436  4.775  0.000  2.505  0.000  1.633  0.000  0.000
  1.458  0.000  9.499  0.153  6.741  0.000  2.221  0.000  2.035  0.000  0.000
  1.164  0.236  6.148  0.246  6.223  0.000  1.649  0.000  1.350  0.000  0.000
  1.441  0.356  5.064  0.377 11.596  0.000  1.615  0.000  1.195  0.000  0.000
  1.442  0.698  5.965  0.801  8.768  0.000  1.222  0.000  0.678  0.000  0.000
  1.274  1.790  2.604  1.056  3.449  0.000  1.900  0.000  0.483  0.000  0.000
  1.497  2.581  1.448  1.684  1.517  0.000  1.448  0.000  0.611  0.000  0.000
  1.644  3.995  0.000  1.949  0.000  0.000  0.878  0.000  0.444  0.000  0.000
  1.169  0.965  0.000  2.194  0.000  0.000  1.258  0.000  0.397  0.000  0.000
  1.146  0.760  0.260  2.141  0.000  0.000  1.363  0.000  0.482  0.000  0.000
  1.040  0.345  1.018  1.836  1.018  0.000  2.163  0.000  0.218  0.000  0.000
  0.713  0.000  0.811  1.319  1.061  0.000  1.497  0.000  0.125  0.000  0.000
  0.552  0.000  0.673  0.909  1.530  0.000  1.530  0.000  0.000  0.000  0.000
  0.732  0.000  4.682  0.815  1.801  0.000  1.200  0.000  0.000  0.000  0.000
  0.815  0.000  5.241  0.967  2.414  0.000  0.471  0.000  0.000  0.000  0.000
  0.651  0.050  2.774  0.710  3.814  0.000  0.000  0.000  0.050  0.000  0.000
  0.633  0.551  2.042  0.575  2.552  0.000  0.170  0.000  0.243  0.000  0.000
  0.749  0.716  0.278  0.859  2.171  0.000  0.501  0.000  0.636  0.000  0.000
  0.634  0.484  0.000  0.906  0.273  0.000  0.492  0.000  0.797  0.000  0.000
  0.749  0.414  0.000  1.012  0.268  0.000  0.913  0.000  1.120  0.054  0.000
  0.885  0.964  0.000  1.054  0.580  0.000  1.951  0.000  0.738  0.316  0.000
  0.886  0.607  0.000  1.162  0.000  0.000  2.538  0.000  0.903  0.259  0.000
  0.949  0.451  0.000  1.381  0.000  0.000  2.747  0.000  0.451  1.781  0.000
  0.957  0.343  0.000  1.221  0.000  0.000  3.750  0.000  0.443  2.450  0.000
  0.868  0.000  0.000  1.172  0.000  0.000  3.832  0.000  0.463  2.211  0.000
  0.858  0.000  0.000  1.083  0.000  0.000  3.477  0.000  0.524  2.801  0.000
  0.919  0.000  0.000  1.390  0.000  0.000  2.184  0.000  0.746  2.279  0.000
  0.952  0.000  0.000  1.420  0.000  0.000  2.987  0.000  0.867  1.447  0.000
  0.801  0.000  0.000  1.344  0.000  0.000  1.882  0.000  0.761  0.688  0.000
  0.676  0.000  0.000  1.122  0.000  0.000  1.490  0.000  0.748  0.406  0.000
  0.600  0.000  0.000  1.015  0.000  0.000  0.355  0.000  0.825  0.622  0.000
  0.506  0.000  0.000  0.955  0.000  0.000  0.218  0.000  0.474  0.699  0.000
  0.428  0.000  0.000  0.774  0.344  0.000  0.000  0.000  0.405  0.645  0.000
  0.666  0.000  0.000  1.009  1.945  0.000  0.000  0.000  0.556  1.226  0.000
  0.653  0.000  0.000  0.690  2.955  0.000  0.042  0.000  0.749  1.498  0.000
  0.690  0.000  0.000  0.655  3.113  0.000  0.164  0.000  0.749  2.130  0.000
  0.423  0.000  0.000  0.426  2.016  0.000  0.323  0.000  0.380  1.089  0.000
  0.371  0.000  0.000  0.301  1.548  0.000  0.238  0.000  0.352  1.667  0.000
  0.222  0.000  0.000  0.167  0.391  0.000  0.469  0.000  0.268  1.094  0.000
  0.265  0.000  0.000  0.148  0.000  0.000  0.693  0.000  0.363  1.847  0.000
  0.361  0.000  0.000  0.032  0.000  0.000  1.554  0.000  0.682  2.426  0.000
  0.435  0.000  0.000  0.107  0.000  0.000  1.867  0.000  0.896  2.203  0.000
  0.471  0.000  0.000  0.047  0.000  0.000  2.243  0.000  0.967  2.648  0.000
  0.472  0.000  0.000  0.166  0.000  0.000  1.703  0.000  0.921  2.536  0.000
  0.502  0.000  0.000  0.168  0.000  0.000  1.071  0.000  1.244  2.570  0.000
  0.389  0.000  0.000  0.121  0.000  0.000  0.633  0.000  1.196  1.442  0.000
  0.381  0.000  0.000  0.139  0.000  0.000  0.139  0.000  1.179  1.733  0.000
  0.340  0.000  0.000  0.146  0.000  0.000  0.000  0.000  1.191  1.025  0.000
  0.328  0.000  0.000  0.284  0.000  0.000  0.000  0.000  0.885  0.909  0.000
  0.318  0.000  0.000  0.176  0.000  0.000  0.000  0.000  0.949  1.262  0.000
  0.306  0.000  0.000  0.150  0.000  0.000  0.000  0.000  1.113  0.655  0.000
  0.263  0.000  0.000  0.060  0.000  0.000  0.000  0.000  1.033  0.775  0.000
  0.223  0.000  0.000  0.014  0.000  0.000  0.000  0.000  0.891  0.859  0.000
  0.257  0.000  0.000  0.000  0.000  0.000  0.000  0.000  0.960  1.350  0.000
  0.281  0.000  0.000  0.000  0.000  0.000  0.000  0.000  0.955  1.796  0.000
  0.222  0.000  0.000  0.000  0.000  0.000  0.000  0.000  0.890  0.947  0.000
  0.236  0.000  0.000  0.000  0.000  0.000  0.000  0.000  0.809  1.476  0.000
  0.267  0.000  0.000  0.000  0.000  0.000  0.000  0.000  1.155  0.832  0.000
  0.329  0.000  0.000  0.000  0.000  0.000  0.000  0.000  1.223  1.730  0.000
  0.229  0.000  0.000  0.000  0.000  0.000  0.000  0.000  1.091  0.376  0.000
  0.278  0.000  0.000  0.000  0.000  0.000  0.000  0.000  1.322  0.457  0.000
  0.268  0.000  0.000  0.000  0.000  0.000  0.000  0.000  1.401  0.000  0.000
  0.316  0.000  0.000  0.000  0.000  0.000  0.000  0.000  1.653  0.000  0.000
  0.339  0.000  0.000  0.000  0.000  0.000  0.000  0.000  1.773  0.000  0.000
  0.243  0.000  0.000  0.000  0.000  0.000  0.000  0.000  1.270  0.000  0.000
  0.174  0.000  0.000  0.000  0.000  0.000  0.000  0.000  0.910  0.000  0.000
  0.118  0.000  0.000  0.000  0.000  0.000  0.000  0.000  0.619  0.000  0.000
  0.098  0.000  0.000  0.000  0.000  0.000  0.000  0.000  0.514  0.000  0.000
  0.094  0.000  0.000  0.000  0.000  0.000  0.000  0.000  0.493  0.000  0.000
  0.109  0.000  0.000  0.015  0.000  0.000  0.000  0.000  0.538  0.000  0.000
  0.109  0.000  0.000  0.029  0.000  0.000  0.000  0.000  0.510  0.000  0.000
  0.105  0.000  0.000  0.089  0.000  0.000  0.000  0.000  0.369  0.000  0.000
  0.149  0.000  0.000  0.207  0.000  0.000  0.000  0.000  0.364  0.000  0.000
  0.150  0.000  0.000  0.138  0.000  0.000  0.048  0.000  0.491  0.000  0.000
  0.160  0.000  0.000  0.168  0.000  0.000  0.096  0.000  0.472  0.000  0.000
  0.150  0.000  0.000  0.081  0.000  0.000  0.189  0.000  0.567  0.000  0.000
  0.167  0.000  0.000  0.113  0.000  0.000  0.374  0.000  0.541  0.000  0.000
  0.234  0.000  0.000  0.162  0.000  0.000  0.900  0.000  0.620  0.069  0.000
  0.283  0.000  0.000  0.297  0.000  0.000  0.639  0.000  0.580  0.433  0.000
  0.332  0.000  0.000  0.354  0.000  0.000  1.015  0.000  0.573  0.564  0.000
  0.336  0.000  0.000  0.302  0.000  0.000  1.538  0.468  0.465  0.802  0.000
  0.375  0.000  0.000  0.302  0.000  0.000  1.476  0.771  0.579  1.123  0.000
  0.408  0.000  0.000  0.429  0.000  0.000  1.415  0.610  0.460  1.350  0.000
  0.361  0.000  0.000  0.443  0.000  0.000  1.399  0.452  0.326  0.904  0.000
  0.310  0.000  0.000  0.429  0.000  0.000  1.021  0.447  0.310  0.489  0.000
  0.389  0.000  0.000  0.604  0.000  0.000  1.052  0.442  0.319  0.652  0.000
  0.412  0.000  0.000  0.600  0.000  0.000  1.519  0.291  0.321  0.645  0.000
  0.372  0.000  0.000  0.567  0.000  0.000  1.214  0.432  0.253  0.679  0.000
  0.364  0.000  0.000  0.564  0.000  0.000  1.444  0.285  0.180  0.590  0.000
  0.399  0.000  0.000  0.810  0.000  0.000  0.664  0.282  0.109  0.543  0.000
  0.357  0.000  0.239  0.625  0.000  0.000  0.557  0.279  0.182  0.676  0.000
  0.412  0.000  0.118  0.641  0.000  0.000  0.807  0.413  0.259  1.161  0.000
  0.418  0.039  0.078  0.620  0.000  0.000  0.837  0.273  0.345  1.012  0.000
  0.391  0.165  0.077  0.514  0.000  0.000  0.635  0.270  0.292  1.194  0.000
  0.457  0.408  0.190  0.580  0.057  0.000  0.648  0.267  0.250  1.067  0.000
  0.425  0.237  0.264  0.651  0.057  0.000  0.302  0.396  0.307  0.622  0.000
  0.501  0.410  0.131  0.650  0.112  0.000  0.392  0.261  0.400  1.100  0.000
  0.537  0.443  0.111  0.698  0.111  0.000  0.461  0.258  0.437  1.125  0.000
  0.495  0.365  0.091  0.639  0.292  0.000  0.529  0.383  0.417  0.876  0.000
  0.642  0.712  0.090  0.707  0.993  0.000  0.361  0.253  0.444  1.264  0.000
  0.766  1.180  0.411  0.820  0.322  0.000  0.340  0.250  0.449  1.466  0.000
  0.790  1.117  0.778  0.897  0.318  0.000  0.371  0.248  0.475  1.097  0.000
  0.805  0.770  1.768  0.765  1.488  0.000  0.333  0.245  0.485  1.348  0.000
  0.981  1.342  1.819  0.901  0.884  0.000  0.381  4.002  0.455  1.681  0.000
  1.124  1.877  2.778  0.848  1.132  0.000  0.446  1.681  0.475  1.783  0.000
  1.339  1.368  3.548  1.196  2.359  0.000  0.509  1.307  0.597  2.631  0.000
  1.506  2.103  2.991  1.236  3.193  0.000  0.420  1.176  0.687  2.352  0.000
  1.496  1.792  2.612  1.264  4.358  0.000  0.366  1.048  0.822  1.880  0.000
  1.500  1.986  1.795  1.395  3.063  0.000  0.576  0.922  1.073  1.400  0.000
  1.586  2.148  2.054  1.595  2.462  0.000  0.734  1.141  0.894  1.777  0.000
  1.729  2.569  2.018  1.780  1.986  0.000  0.839  0.904  0.886  2.082  0.000
  1.754  2.484  2.158  1.932  1.630  0.000  0.527  0.895  0.927  2.174  0.000
  1.690  2.324  1.804  1.820  1.757  0.000  0.649  1.108  1.017  2.105  0.000
  1.598  1.845  1.755  1.919  1.552  0.000  0.690  0.987  1.115  1.301  0.000
  1.697  2.403  1.925  1.902  1.847  0.000  0.528  0.978  1.060  1.149  0.000
  1.766  2.077  2.536  2.055  2.075  0.000  1.014  2.475  1.023  1.076  0.000
  1.737  2.292  2.299  1.938  1.949  0.000  1.035  2.344  1.105  0.685  0.000
  1.621  2.188  1.251  1.807  2.262  0.000  1.086  2.111  1.055  0.739  0.000
  1.511  1.771  1.135  1.728  1.852  0.000  1.165  2.404  1.233  0.523  0.000
  1.503  1.847  1.065  1.621  2.322  0.000  1.139  3.003  1.255  0.325  0.000
  1.546  2.194  1.597  1.526  1.934  0.000  1.363  2.359  1.201  0.469  0.000
  1.419  1.510  2.322  1.402  1.611  0.000  1.698  1.727  1.298  0.435  0.000
  1.239  1.261  1.956  1.280  1.107  0.000  1.193  1.812  1.183  0.633  0.000
  1.222  1.229  1.482  1.343  1.054  0.000  1.097  2.593  1.107  0.755  0.000
  1.111  1.085  1.383  1.258  1.355  0.000  1.214  0.692  0.883  0.565  0.000
  1.291  0.759  2.293  1.576  2.042  0.000  1.398  0.783  1.039  0.433  0.000
  1.209  0.724  1.732  1.619  1.690  0.000  1.247  0.873  0.819  0.582  0.000
  1.190  0.875  1.139  1.436  1.840  0.000  1.798  0.961  0.879  0.659  0.000
  1.210  0.964  2.149  1.277  1.700  0.000  1.605  1.047  1.034  0.585  0.000
  1.155  0.897  1.402  1.348  1.402  0.000  1.523  0.849  1.001  0.593  0.000
  1.135  0.908  1.176  1.286  1.363  0.000  1.710  1.029  0.977  0.761  0.000
  1.158  0.904  1.178  1.262  1.589  0.000  1.536  1.390  1.063  0.966  0.000
  1.038  0.948  1.181  1.117  1.063  0.000  1.247  1.561  0.930  0.866  0.000
  1.003  0.910  0.988  1.135  1.391  0.000  1.079  1.821  0.751  0.871  0.000
  1.178  0.961  1.727  1.140  2.127  0.000  1.598  1.895  0.895  1.341  0.000
  1.161  1.106  1.597  1.122  1.699  0.000  1.252  0.268  0.964  1.546  0.000
  1.186  1.313  1.874  0.977  2.166  0.000  1.760  0.177  0.915  1.228  0.000
  0.991  0.911  2.260  0.837  1.306  0.000  1.695  0.264  0.703  1.306  0.000
  0.964  0.683  2.526  0.930  1.083  0.000  1.369  0.261  0.750  1.095  0.000
  0.872  0.434  1.961  0.997  0.691  0.000  1.135  0.259  0.719  1.098  0.000
  0.912  0.328  1.541  1.146  0.453  0.000  1.431  1.455  0.790  1.101  0.000
  1.007  0.343  1.746  1.174  0.594  0.000  1.576  7.384  0.887  0.922  0.000
  0.955  0.405  1.154  1.142  0.914  0.000  1.142  6.311  0.890  0.829  0.000
  0.966  0.286  1.669  1.114  1.359  0.000  1.120  2.670  0.984  0.894  0.000
  0.845  0.172  1.028  0.827  1.158  0.000  1.572  2.151  1.168  0.898  0.000
  0.820  0.107  0.855  1.009  0.809  0.000  0.902  1.723  1.021  1.172  0.000
  0.841  0.156  0.569  0.971  0.604  0.000  1.325  1.871  1.192  1.092  0.000
  0.751  0.260  0.046  0.863  0.576  0.000  0.968  0.484  1.205  0.899  0.000
  0.757  0.245  0.046  0.841  1.063  0.000  0.880  0.640  1.208  0.800  0.000
  0.746  0.139  0.000  0.787  0.963  0.000  1.088  0.714  1.305  0.929  0.000
  0.788  0.183  0.146  0.971  0.719  0.000  1.045  0.787  1.082  1.158  0.000
  0.713  0.070  0.134  0.787  0.669  0.000  1.282  0.624  1.111  1.215  0.000
  0.658  0.066  0.310  0.734  0.542  0.000  1.227  0.310  1.023  0.951  0.000
  0.714  0.141  0.636  0.761  0.241  0.000  1.031  0.307  1.212  1.042  0.000
  0.695  0.205  0.217  0.828  0.381  0.000  0.848  0.228  1.007  1.196  0.000
  0.769  0.416  0.378  0.769  0.690  0.000  1.338  0.302  1.119  0.852  0.000
  0.743  0.575  0.278  0.734  0.471  0.000  1.337  0.300  1.009  0.781  0.000
  0.731  0.588  0.223  0.641  0.955  0.000  1.677  0.594  0.892  0.754  0.000
  0.705  0.686  0.095  0.532  1.295  0.000  1.822  0.000  0.851  0.569  0.000
  0.714  0.683  0.094  0.570  0.888  0.000  1.640  0.000  0.910  0.867  0.000
  0.679  0.489  0.176  0.568  0.663  0.000  1.751  0.000  0.927  0.891  0.000
  0.715  0.505  0.298  0.595  0.339  0.000  1.665  0.000  1.031  1.223  0.000
  0.798  0.612  0.826  0.659  0.459  0.000  1.642  0.000  1.049  1.244  0.000
  0.799  0.483  1.224  0.710  0.304  0.000  1.235  0.000  1.076  1.417  0.000
  0.882  1.041  1.978  0.650  0.371  0.000  1.034  0.000  0.938  1.275  0.000
