   1  15   1   0  0.6786772E+02  0.5000000E+03
  CAR 
 Cluster                                 
   0   0   0
   1   1
 256 256 256
 256
  0.1000000E-09
  0.3906250E-11
   1
  0.1000000E-14  0.7745500E-09  0.1175610E-08  0.1118000E-08
  0.4903161E+03  0.4849598E+03
  0.000  0.000  0.000  0.000  0.000  0.000  0.000  0.000  0.000  0.000  0.000
  0.000  0.000  0.000  0.000  0.000  0.000  0.000  0.000  0.000  0.000  0.000
  0.000  0.000  0.000  0.000  0.000  0.000  0.000  0.000  0.000  0.000  0.000
  0.000  0.000  0.000  0.000  0.000  0.000  0.000  0.000  0.000  0.000  0.000
  0.000  0.000  0.000  0.000  0.000  0.000  0.000  0.000  0.000  0.000  0.000
  0.000  0.000  0.000  0.000  0.000  0.000  0.000  0.000  0.000  0.000  0.000
  0.000  0.000  0.000  0.000  0.000  0.000  0.000  0.000  0.000  0.000  0.000
  0.000  0.000  0.000  0.000  0.000  0.000  0.000  0.000  0.000  0.000  0.000
  0.000  0.000  0.000  0.000  0.000  0.000  0.000  0.000  0.000  0.000  0.000
  0.000  0.000  0.000  0.000  0.000  0.000  0.000  0.000  0.000  0.000  0.000
  0.000  0.000  0.000  0.000  0.000  0.000  0.000  0.000  0.000  0.000  0.000
  0.000  0.000  0.000  0.000  0.000  0.000  0.000  0.000  0.000  0.000  0.000
  0.000  0.000  0.000  0.000  0.000  0.000  0.000  0.000  0.000  0.000  0.000
  0.000  0.000  0.000  0.000  0.000  0.000  0.000  0.000  0.000  0.000  0.000
  0.000  0.000  0.000  0.000  0.000  0.000  0.000  0.000  0.000  0.000  0.000
  0.000  0.000  0.000  0.000  0.000  0.000  0.000  0.000  0.000  0.000  0.000
  0.000  0.000  0.000  0.000  0.000  0.000  0.000  0.000  0.000  0.000  0.000
  0.000  0.000  0.000  0.000  0.000  0.000  0.000  0.000  0.000  0.000  0.000
  0.000  0.000  0.000  0.000  0.000  0.000  0.000  0.000  0.000  0.000  0.000
  0.000  0.000  0.000  0.000  0.000  0.000  0.000  0.000  0.000  0.000  0.000
  0.000  0.000  0.000  0.000  0.000  0.000  0.000  0.000  0.000  0.000  0.000
  0.000  0.000  0.000  0.000  0.000  0.000  0.000  0.000  0.000  0.000  0.000
  0.000  0.000  0.000  0.000  0.000  0.000  0.000  0.000  0.000  0.000  0.000
  0.000  0.000  0.000  0.000  0.000  0.000  0.000  0.000  0.000  0.000  0.000
  7.178  0.000  0.000  0.000  0.000  0.000  0.000  0.000  0.000 44.860  0.000
 11.332  0.000  0.000  0.000  0.000  0.000  0.000  0.000  0.000 70.825  0.000
 14.220  0.000  0.000 14.191  0.000  0.000  0.000  0.000  0.000 65.223  0.000
 29.817  0.000  0.000 86.257  0.000  0.000  0.000  0.000  0.000 42.596  0.000
 26.919  0.000  0.000100.946  0.000  0.000  0.000  0.000  0.000  0.000  0.000
  6.756  0.000  0.000 25.333  0.000  0.000  0.000  0.000  0.000  0.000  0.000
  0.563  0.000  0.000  2.110  0.000  0.000  0.000  0.000  0.000  0.000  0.000
  0.000  0.000  0.000  0.000  0.000  0.000  0.000  0.000  0.000  0.000  0.000
  1.449  0.000  0.000  0.000 10.865  0.000  0.000  0.000  0.000  0.000  0.000
 12.415  0.000  8.073  0.000 90.421  0.000  0.000  0.000  0.000  0.000  0.000
 27.336 27.708 73.076  0.000157.571  0.000  0.000  0.000  0.000  0.000  0.000
 25.051 68.155 74.050  0.000106.402  0.000  0.000  0.000  0.000  0.000  0.000
 10.398 59.575 46.245  0.000 12.922  0.000  0.000  0.000  0.000  0.000  0.000
  3.923 28.349 14.819  0.000  0.859  0.000  0.000  0.000  0.000  0.000  0.000
  4.320 38.876  0.000  0.000  0.000  0.000  0.000  0.000  0.000  0.000  0.000
  1.961 17.653  0.000  0.000  0.000  0.000  0.000  0.000  0.000  0.000  0.000
  0.221  1.768  0.000  0.000  0.000  0.000  0.000  0.000  0.153  0.000  0.000
  0.491  0.000  0.000  0.000  0.000  0.000  0.000  0.000  3.069  0.000  0.000
  1.516  0.000  0.000  0.000  0.000  0.000  0.000  0.000  9.475  0.000  0.000
  2.660  0.000  0.000  0.000  0.000  0.000  0.000  0.000 16.626  0.000  0.000
  4.596  0.000  0.000  0.000  0.000  0.000  0.000  0.000 28.724  0.000  0.000
  5.719  0.000  0.000  0.000  0.000  0.000  0.000  0.000 35.742  0.000  0.000
  5.028  0.000  0.000  0.140  0.000  0.000  0.000  0.000 31.195  0.000  0.000
  2.427  0.000  0.000  0.201  0.000  0.000  0.000  0.000 14.836  0.000  0.000
  0.907  0.000  0.000  0.321  0.000  0.000  0.000  0.000  5.136  0.000  0.000
  0.707  0.000  0.000  1.479  0.000  0.000  0.000  0.000  1.541  0.411  0.000
  1.847  0.000  0.000  5.329  0.000  0.000  0.000  0.000  0.099  2.566  0.000
  3.614  0.000  0.000  7.516  0.000  0.000  0.000  0.000  0.000 10.059  0.000
  5.114  0.000  0.000 10.684  0.000  0.000  0.000  0.000  0.000 14.154  0.000
  6.162  0.000  0.000 14.456  0.000  0.000  0.000  0.000  0.000 14.421  0.000
  4.935  0.000  0.000 12.761  0.000  0.000  0.000  0.000  0.000  9.575  0.000
  3.648  0.000  0.000 11.962  0.000  0.000  0.735  0.000  0.000  2.615  0.000
  2.851  3.520  0.000  8.610  0.000  0.000  1.656  0.000  0.000  0.473  0.000
  2.607 12.716  0.000  3.015  0.274  0.000  3.882  0.000  0.000  0.152  3.045
  4.825 24.887  6.089  1.015  2.118  0.000  9.487  0.000  0.000  0.074 17.945
  5.551 16.073 14.076  0.384 11.005  0.000 11.730  0.000  0.000  0.284 22.465
  8.009  8.119 33.171  0.000 22.279  0.000  9.489  0.000  0.000  0.481 51.984
  7.251  8.241 31.382  0.000 18.765  0.000  7.386  0.000  0.000  1.664 44.452
  7.639 15.123 31.082  0.232 20.257  0.000  7.732  0.000  0.000  3.093 22.680
  5.063  8.629 17.302  0.375 15.730  0.000  9.176  0.000  0.000  3.683  1.498
  3.359  6.272 10.019  1.851  3.993  0.000 10.345  0.000  0.000  3.993  0.000
  2.638  9.546  0.000  2.006  0.845  0.000  6.512  0.000  0.000  3.637  0.000
  2.978 11.720  0.000  2.493  0.000  0.000  5.464  5.464  0.000  3.586  0.000
  3.067  9.546  0.000  2.817  0.000  0.000  7.623 10.606  0.000  3.535  0.000
  3.381  5.330  0.000  3.379  3.154  0.000  8.690 15.126  0.000  3.755  0.000
  3.185  0.900  0.000  2.407  7.816  0.000  4.533 11.255  0.000  5.367  0.000
  2.601  0.365  0.000  1.671  7.900  0.000  4.558 10.330  0.000  3.393  0.000
  2.670  0.000  4.254  1.477  9.925  0.000  2.659  4.136  0.000  3.200  0.000
  1.716  0.000  4.827  0.718  5.114  0.000  0.000  3.160  0.000  3.400  0.000
  1.178  0.000  3.858  0.168  2.180  0.000  0.000  7.827  0.000  2.889  0.000
  0.755  0.000  8.979  0.000  0.000  0.000  0.000  5.442  0.000  1.315  0.000
  0.530  0.000  4.133  0.000  0.000  0.000  0.000 10.597  0.000  0.397  0.000
  0.688  0.000 10.219  0.000  0.000  0.000  0.000  5.677  0.000  0.516  0.000
  0.315  0.000  5.883  0.075  0.000  0.000  0.000  0.000  0.000  0.210  0.000
  0.261  0.000  4.264  0.270  0.000  0.000  0.000  0.000  0.000  0.000  0.000
  0.236  0.000  1.434  0.502  0.000  0.000  0.000  0.000  0.000  0.239  0.000
  0.516  0.000  0.000  1.398  0.000  0.000  0.000  0.000  0.000  0.893  0.000
  1.128  0.000  0.000  3.001  0.000  0.000  0.000  0.000  0.000  2.046  0.000
  1.816  0.000  0.000  5.148  0.000  0.000  0.000  0.000  0.000  2.773  0.000
  2.559  0.000  0.000  8.166  0.000  0.000  0.000  0.000  0.000  2.383  0.000
  2.098  0.000  0.000  6.007  0.000  0.000  0.000  0.000  0.000  3.102  0.000
  1.807  0.000  0.000  4.834  0.000  0.000  0.000  0.000  0.000  3.236  0.000
  0.942  0.000  0.000  1.998  0.000  0.000  0.000  0.000  0.000  2.557  0.000
  0.631  0.000  0.000  0.769  0.394  0.000  0.197  0.000  0.000  2.268  0.000
  0.411  0.000  0.000  0.154  0.848  0.000  1.832  0.000  0.000  0.996  0.000
  0.573  0.000  0.000  0.000  1.810  0.000  3.488  2.074  0.000  0.566  0.000
  0.969  0.000  0.000  0.074  4.462  0.000  4.702  3.872  0.000  0.000  0.000
  1.347  0.779  0.000  0.072  2.850  0.000  4.149 23.990  0.000  0.000  0.000
  1.473  2.160  0.000  0.035  2.400  0.000  5.207 23.474  0.000  0.000  0.000
  2.101  4.104  0.000  0.587  2.833  0.000  6.910 27.811  0.000  0.000  0.000
  2.092  3.166  0.000  1.674  3.179  0.000  9.639 13.359  0.000  0.000  0.000
  1.969  3.179  0.000  2.500  2.517  0.000  7.286  8.445  0.000  0.000  0.000
  1.198  1.829  0.000  1.589  0.000  0.000  9.811  1.784  0.000  0.000  0.000
  1.216  3.851  0.000  1.716  0.000  0.000  6.195  0.000  0.000  0.000  0.000
  0.946  2.129  0.000  1.650  0.000  0.000  5.059  0.000  0.000  0.000  0.000
  1.155  2.160  0.000  2.425  0.000  0.000  5.034  0.000  0.000  0.000  0.000
  0.726  0.359  1.166  1.869  0.000  0.000  2.542  0.000  0.000  0.000  0.000
  0.942  0.000  6.772  1.994  0.000  0.000  2.052  0.000  0.000  0.000  0.000
  1.035  0.000  8.366  2.113  0.000  0.000  0.862  0.000  0.000  0.000  1.342
  1.023  0.000  5.498  2.439  0.000  0.000  0.000  0.000  0.000  0.000  3.195
  0.966  0.000  3.817  2.185  0.000  0.000  0.000  0.000  0.000  0.000  5.347
  0.785  0.000  0.163  1.859  0.244  0.000  0.000  0.000  0.000  0.000  6.241
  0.703  0.000  0.000  1.052  1.065  0.000  0.000  0.000  0.000  0.000  7.012
  0.457  0.000  0.000  0.980  0.575  0.000  0.000  0.000  0.065  0.000  2.701
  0.503  0.000  0.000  1.026  1.283  0.000  0.000  0.000  0.064  0.064  0.941
  0.605  0.000  0.000  0.970  1.889  0.000  0.000  0.000  0.042  0.462  0.336
  0.673  0.000  0.000  1.657  1.138  0.000  0.000  0.000  0.124  0.371  0.000
  0.871  0.000  0.000  1.652  1.118  0.000  0.000  0.000  0.668  1.093  0.000
  1.117  0.000  0.000  2.506  0.286  0.000  0.000  0.000  0.915  1.651  0.000
  1.300  0.000  0.000  3.435  0.000  0.000  0.000  0.000  1.036  1.368  0.000
  1.235  0.000  0.000  3.513  0.000  0.000  0.000  0.000  0.787  1.075  0.000
  1.072  0.000  0.000  2.739  0.000  0.000  0.000  0.000  1.264  0.868  0.000
  1.018  0.000  0.000  2.203  0.000  0.000  0.000  0.000  1.446  1.242  0.000
  0.788  0.000  0.000  0.919  0.000  0.000  0.000  0.000  1.750  1.641  0.000
  0.749  0.000  0.000  0.301  0.000  0.000  0.000  0.000  1.577  2.599  0.000
  0.694  0.000  0.000  0.243  0.000  0.000  0.000  0.000  1.146  2.785  0.000
  0.746  0.000  0.000  0.042  0.000  0.000  0.000  0.000  1.387  3.207  0.000
  0.709  0.000  0.000  0.113  0.000  0.000  0.000  0.000  1.296  2.950  0.000
  0.802  0.000  0.000  0.111  0.161  0.000  0.000  0.000  1.224  3.472  0.000
  0.885  0.000  0.000  0.059  0.218  0.000  0.000  0.000  1.815  3.432  0.000
  0.644  0.000  0.000  0.029  0.253  0.000  0.000  0.000  1.413  2.354  0.000
  0.805  0.000  0.000  0.077  2.167  0.000  0.000  0.000  1.262  1.838  0.000
  0.536  0.000  0.000  0.113  1.038  0.000  0.000  0.000  0.944  1.353  0.000
  0.443  0.000  0.000  0.251  0.780  0.000  0.000  0.000  0.604  1.099  0.000
  0.417  0.000  0.000  0.366  0.695  0.000  1.097  0.000  0.381  0.671  0.000
  0.531  0.000  0.000  0.702  0.342  0.000  3.512  0.000  0.180  0.510  0.000
  0.393  0.000  0.000  0.275  0.018  0.000  4.256  0.000  0.177  0.384  0.000
  0.331  0.000  0.000  0.358  0.000  0.000  2.707  0.000  0.408  0.160  0.000
  0.264  0.000  0.000  0.224  0.000  0.000  1.591  0.000  0.631  0.115  0.000
  0.190  0.000  0.000  0.136  0.000  0.000  0.127  0.000  0.833  0.085  0.000
  0.178  0.000  0.000  0.142  0.000  0.000  0.000  0.000  0.849  0.028  0.000
  0.204  0.000  0.000  0.041  0.000  0.000  0.000  0.000  1.097  0.110  0.000
  0.281  0.000  0.000  0.081  0.000  0.000  0.000  0.000  1.310  0.311  0.000
  0.288  0.000  0.000  0.088  0.000  0.000  0.000  0.000  1.411  0.240  0.000
  0.325  0.000  0.000  0.079  0.000  0.000  0.079  0.000  1.365  0.512  0.000
  0.300  0.000  0.000  0.070  0.000  0.000  0.116  0.000  0.970  0.750  0.000
  0.253  0.000  0.000  0.099  0.000  0.000  0.153  0.000  0.854  0.510  0.000
  0.239  0.000  0.000  0.098  0.000  0.000  0.603  0.000  0.314  0.817  0.000
  0.295  0.036  0.000  0.097  0.015  0.000  0.260  0.000  0.471  1.091  0.000
  0.348  0.088  0.000  0.095  0.044  0.000  0.220  0.000  0.782  1.063  0.000
  0.368  0.069  0.000  0.145  0.029  0.000  0.398  0.145  0.892  0.940  0.000
  0.464  0.103  0.000  0.193  0.029  0.000  0.285  0.927  1.034  1.201  0.000
  0.400  0.101  0.000  0.225  0.042  0.000  0.528  0.422  0.962  0.809  0.000
  0.418  0.067  0.000  0.458  0.028  0.000  0.278  0.486  1.122  0.486  0.000
  0.402  0.049  0.000  0.520  0.041  0.000  0.103  0.479  1.164  0.297  0.000
  0.440  0.032  0.000  0.514  0.041  0.000  0.068  2.365  1.284  0.135  0.000
  0.370  0.032  0.000  0.347  0.040  0.000  0.100  0.467  1.467  0.100  0.000
  0.344  0.032  0.000  0.289  0.039  0.000  0.066  0.263  1.338  0.208  0.000
  0.275  0.031  0.000  0.156  0.026  0.000  0.065  1.234  0.985  0.206  0.000
  0.241  0.031  0.000  0.160  0.026  0.000  0.032  0.897  0.855  0.182  0.000
  0.278  0.030  0.000  0.247  0.164  0.000  0.063  0.822  0.896  0.116  0.000
  0.276  0.030  0.000  0.275  0.225  0.000  0.031  1.062  0.791  0.083  0.000
  0.291  0.044  0.000  0.210  0.210  0.000  0.062  1.418  0.822  0.185  0.000
  0.451  0.044  1.242  0.231  0.256  0.000  0.274  1.218  1.136  0.416  0.000
  0.491  0.144  1.118  0.252  0.264  0.000  0.271  1.503  1.062  0.611  0.000
  0.586  0.399  1.068  0.303  0.261  0.000  0.267  0.534  1.603  0.584  0.000
  0.571  0.267  1.301  0.340  0.492  0.000  0.381  0.586  1.339  0.479  0.000
  0.462  0.083  1.216  0.301  0.162  0.000  0.203  0.521  1.322  0.376  0.000
  0.479  0.082  0.618  0.423  0.183  0.000  0.343  0.286  1.306  0.438  0.000
  0.508  0.108  0.610  0.621  0.169  0.000  0.424  0.282  1.224  0.339  0.000
  0.507  0.174  0.469  0.541  0.145  0.000  0.614  0.279  1.339  0.307  0.000
  0.454  0.331  0.232  0.502  0.187  0.000  0.193  0.221  1.121  0.331  0.000
  0.450  0.288  0.163  0.507  0.131  0.000  0.354  0.218  1.135  0.327  0.000
  0.571  0.646  0.161  0.549  0.237  0.000  0.673  0.215  1.238  0.466  0.000
  0.496  0.421  0.160  0.426  0.245  0.000  0.851  0.160  1.144  0.399  0.000
  0.430  0.177  0.126  0.399  0.210  0.000  0.315  0.158  1.034  0.526  0.000
  0.461  0.137  0.125  0.545  0.239  0.000  0.987  0.208  0.848  0.433  0.000
  0.455  0.160  0.154  0.519  0.205  0.000  1.438  0.205  0.650  0.488  0.000
  0.494  0.329  0.122  0.365  0.528  0.000  1.091  0.152  0.634  0.753  0.000
  0.557  0.831  0.120  0.537  0.441  0.000  0.677  0.251  0.661  0.677  0.000
  0.561  0.797  0.179  0.665  0.198  0.000  0.546  0.198  0.934  0.479  0.000
  0.622  0.471  0.471  0.750  0.324  0.000  0.368  0.245  0.825  0.907  0.065
  0.720  0.826  0.727  0.848  0.572  0.000  0.242  0.291  0.743  0.832  0.517
  0.859  0.966  0.546  1.122  1.112  0.000  0.216  1.678  0.551  0.799  0.192
  0.811  0.808  0.483  1.223  0.588  0.000  0.592  1.706  0.537  0.798  0.126
  0.760  0.574  0.816  1.045  1.134  0.000  0.867  0.750  0.375  0.625  0.094
  0.789  0.634  1.029  1.177  1.001  0.000  0.348  0.695  0.409  0.734  0.124
  0.999  0.528  0.963  1.288  1.320  0.000  0.367  1.238  0.818  1.070  0.581
  0.891  0.675  0.843  1.347  0.617  0.000  0.544  0.861  0.665  1.066  0.212
  0.869  0.936  0.753  0.825  1.014  0.000  0.673  0.942  0.688  1.241  0.179
  0.819  1.001  0.586  0.799  1.224  0.000  0.133  0.621  0.628  1.087  0.177
  0.751  0.758  0.711  0.724  0.922  0.000  0.132  0.351  0.724  1.053  0.468
  0.748  0.709  0.495  0.760  1.077  0.000  0.282  0.304  0.687  0.883  0.666
  0.739  0.433  0.490  0.799  1.057  0.000  0.537  0.301  0.651  0.945  0.573
  0.774  0.704  0.459  0.897  1.190  0.000  0.404  0.340  0.439  0.900  0.822
  0.973  0.757  0.782  1.182  1.161  0.000  0.883  0.294  0.456  1.493  0.449
  0.945  0.789  1.598  1.015  0.816  0.000  1.040  0.333  0.541  1.359  0.971
  0.992  1.057  1.532  0.836  1.087  0.000  0.927  0.288  0.673  1.373  1.345
  1.088  1.516  1.076  0.937  1.492  0.000  0.917  0.978  0.781  1.195  0.788
  1.006  1.849  0.871  0.593  0.823  0.000  0.928  1.694  1.042  0.968  1.936
  0.911  0.958  1.174  0.667  0.958  0.000  0.719  1.397  1.111  0.971  0.958
  0.823  0.683  0.664  0.632  1.320  0.000  0.593  1.185  0.830  0.922  0.738
  0.816  0.385  0.821  0.669  1.431  0.000  1.271  0.508  0.606  1.049  0.521
  0.915  0.994  1.347  0.786  1.649  0.000  1.123  0.503  0.600  0.768  0.568
  0.896  1.251  1.058  0.644  1.111  0.000  1.188  0.537  0.671  1.150  0.537
  0.958  1.220  1.343  0.793  1.191  0.000  1.366  0.949  0.702  1.012  0.506
  0.934  1.298  0.969  0.781  1.044  0.000  1.371  0.714  0.758  1.052  0.426
  0.877  1.321  0.714  0.796  0.833  0.000  1.525  0.632  0.539  1.029  0.645
  0.903  0.963  1.215  0.807  1.193  0.000  1.418  0.737  0.626  0.921  0.638
  1.041  0.901  2.691  1.043  1.276  0.000  1.477  0.802  0.523  1.155  0.122
  1.092  0.858  2.080  1.275  1.538  0.000  1.444  0.794  0.457  1.005  0.674
  1.086  0.566  1.373  1.105  1.588  0.000  1.627  0.858  0.721  1.186  1.025
  1.048  0.688  0.659  1.091  1.657  0.000  1.664  1.027  0.602  1.151  0.850
  1.006  0.631  0.652  1.491  1.080  0.000  1.280  1.087  0.707  0.894  0.304
  1.010  0.692  0.646  1.390  1.098  0.000  1.633  1.424  0.706  0.845  0.347
  1.041  0.562  0.991  1.301  1.480  0.000  1.049  1.927  0.705  0.763  1.216
  1.220  0.573  1.881  1.615  1.397  0.000  1.125  2.249  0.818  1.057  0.886
  1.034  0.219  2.127  1.462  0.966  0.000  0.709  1.114  0.945  0.957  0.608
  1.097  0.377  1.886  1.281  0.923  0.000  0.836  0.435  1.304  1.215  1.182
  1.139  0.469  1.411  1.093  1.305  0.000  1.160  0.298  1.298  1.204  2.209
  1.116  0.693  1.241  0.903  1.779  0.000  1.313  0.788  1.176  1.165  1.007
  1.083  0.601  1.210  1.083  1.496  0.000  1.496  0.553  1.019  1.116  0.954
  1.113  0.804  1.450  1.118  1.546  0.000  1.498  0.451  0.757  1.240  1.095
  1.089  0.713  1.149  1.261  1.283  0.000  0.894  0.447  0.756  1.383  1.234
  1.179  1.124  1.404  1.439  0.873  0.000  0.901  1.360  1.107  1.170  1.075
  1.101  1.196  1.241  1.363  0.984  0.000  1.238  1.128  0.747  0.982  1.128
  0.967  0.999  1.211  1.236  0.640  0.000  0.994  0.497  0.632  0.958  1.657
  0.961  0.960  0.628  1.179  1.090  0.000  0.985  0.400  0.728  0.698  1.888
  0.846  0.483  1.190  0.833  1.074  0.000  1.235  0.519  0.854  0.727  1.037
  0.815  0.950  1.415  0.723  0.774  0.000  1.360  0.665  0.670  0.670  1.149
  0.803  1.050  1.169  0.869  0.539  0.000  1.258  0.569  0.569  0.674  1.238
  0.705  0.941  0.731  0.707  0.505  0.000  1.010  1.366  0.594  0.604  0.752
  0.756  0.848  0.636  0.824  0.495  0.000  1.442  0.913  0.540  0.731  1.079
  0.747  0.651  0.980  0.902  0.508  0.000  1.109  0.671  0.666  0.715  0.622
  0.744  0.382  1.406  0.819  0.550  0.000  0.593  0.781  0.887  0.762  0.791
  0.780  0.661  0.602  0.872  0.591  0.000  0.975  1.692  0.765  0.669  1.051
  0.760  0.512  0.699  0.841  0.591  0.000  0.711  1.705  0.767  0.777  0.966
  0.784  0.453  0.456  0.803  0.857  0.000  0.972  1.409  0.883  0.780  0.733
  0.785  0.818  0.553  0.763  0.587  0.000  0.880  1.900  0.861  0.824  0.521
  0.805  0.479  1.246  0.764  0.809  0.000  1.246  1.690  0.706  0.776  0.905
  0.830  0.461  0.527  0.920  0.807  0.000  0.961  1.044  0.677  0.906  1.739
  0.794  0.529  0.555  0.950  0.670  0.000  1.239  0.899  0.554  0.885  1.180
  0.789  0.661  0.551  0.921  0.626  0.000  0.850  0.432  0.747  0.985  0.702
  0.927  0.745  0.450  0.961  0.841  0.000  1.486  0.937  0.834  1.165  0.785
  0.843  0.395  0.398  0.754  1.030  0.000  1.301  0.664  1.018  1.075  0.531
  0.814  0.404  0.316  0.924  0.921  0.000  1.172  0.421  0.882  0.979  0.369
  0.776  0.539  0.235  0.757  0.705  0.000  1.436  0.418  0.996  0.901  0.470
  0.823  0.740  0.233  0.753  0.585  0.000  1.670  0.492  1.053  0.928  0.811
  0.898  0.838  0.339  0.904  0.688  0.000  2.067  0.745  0.847  0.852  1.387
  0.820  1.302  0.627  0.869  0.530  0.000  1.273  0.637  0.607  0.807  0.866
  0.878  0.861  0.591  0.975  0.970  0.000  1.162  0.530  0.602  0.876  1.347
  0.868  0.902  0.917  1.055  0.862  0.000  1.240  0.476  0.551  0.915  0.434
  0.821  0.513  1.163  1.049  0.969  0.000  0.721  0.547  0.667  0.754  0.580
  0.830  0.527  1.745  0.833  1.080  0.000  0.407  0.567  0.629  1.027  0.657
  0.763  0.516  1.130  0.753  0.836  0.000  0.330  0.587  0.648  1.166  0.489
  0.717  0.291  1.281  0.752  0.742  0.000  0.522  0.606  0.643  1.039  0.388
  0.757  0.497  1.458  0.664  0.760  0.000  0.590  1.276  0.782  0.939  0.449
  0.760  0.516  1.361  0.709  0.563  0.000  0.525  2.388  0.661  1.039  0.350
  0.767  0.523  1.137  0.713  0.654  0.000  0.343  2.274  0.683  1.157  0.189
  0.733  0.259  1.382  0.780  0.512  0.000  0.341  1.128  0.740  1.191  0.235
  0.786  0.168  1.287  0.849  0.830  0.000  0.525  1.236  0.766  1.142  0.171
  0.771  0.572  0.722  0.752  0.958  0.000  0.567  1.180  0.613  1.137  0.139
